1000 9885
596 497
937 642
364 701
881 365
76 201
668 389
411 455
379 24
786 824
860 713
590 486
556 722
740 55
655 46
200 772
740 390
522 721
636 215
213 2
855 951
143 363
436 487
334 814
122 204
117 343
99 244
726 819
710 468
565 511
415 760
53 651
790 476
890 56
856 72
430 479
75 988
957 470
740 986
979 258
122 273
982 907
36 961
438 981
330 226
940 623
425 718
266 586
547 471
729 408
722 656
75 570
942 84
268 131
658 631
662 87
809 481
295 602
315 120
163 60
775 861
398 425
798 390
581 30
563 575
380 689
306 556
457 936
793 6
922 418
962 663
194 525
674 259
233 49
137 126
312 448
664 789
383 959
684 424
103 556
245 811
929 288
989 700
96 437
617 245
466 731
61 748
802 385
556 912
544 584
137 486
87 382
631 381
962 202
111 485
578 410
321 99
104 269
434 386
398 25
825 307
866 385
630 430
77 614
397 415
532 430
520 494
169 192
575 328
448 409
90 643
305 512
730 483
71 217
40 819
222 95
316 128
135 700
579 538
448 8
250 140
105 903
415 732
515 802
787 969
740 623
411 301
50 423
322 640
514 502
457 447
844 573
27 893
47 374
736 569
572 151
645 589
710 832
170 879
136 979
598 615
681 377
850 352
172 372
779 676
562 44
965 49
527 734
461 963
589 709
236 627
184 942
675 78
390 342
202 635
33 587
395 44
272 433
205 333
6 902
214 741
508 258
515 412
594 127
48 103
414 122
907 12
581 788
967 767
795 783
699 841
996 285
390 146
581 677
385 675
26 923
797 126
775 90
125 12
513 687
934 313
816 547
60 654
782 381
765 667
534 52
677 617
968 611
164 700
347 622
730 165
174 604
456 760
895 562
541 268
246 50
49 982
981 197
804 578
252 903
335 529
757 942
61 103
814 415
924 299
247 924
785 107
142 280
329 311
790 388
187 689
204 625
260 931
571 535
738 60
26 224
176 347
931 703
70 153
371 894
349 78
384 979
227 910
893 625
491 773
275 816
554 749
651 445
326 977
595 901
371 200
547 205
234 176
235 393
163 244
811 704
337 185
963 413
836 149
361 51
306 756
788 336
116 803
476 361
375 566
157 383
384 5
827 299
223 738
663 897
280 86
920 501
100 462
893 151
789 844
134 371
851 767
926 524
752 868
555 131
632 526
377 929
998 717
947 621
640 387
713 883
579 150
265 450
492 325
311 771
807 958
866 470
403 332
705 860
616 145
359 567
235 749
925 704
947 952
530 240
667 265
155 93
874 863
125 509
752 191
917 833
536 656
459 707
524 613
856 109
342 668
279 976
516 193
847 689
403 776
818 921
472 965
309 802
21 559
758 135
598 572
430 162
931 859
315 921
202 261
206 613
577 759
425 610
432 717
980 244
452 845
935 784
594 914
612 409
33 898
36 125
179 700
206 231
337 276
944 316
969 119
851 351
500 887
393 667
447 296
642 862
457 540
243 15
749 950
21 500
439 517
371 883
634 823
751 220
593 150
976 794
632 332
997 124
103 745
566 195
694 948
427 409
349 296
830 340
208 67
685 719
940 653
988 512
129 637
632 554
299 301
694 726
329 802
937 419
574 808
5 83
955 919
977 563
464 650
889 886
948 212
472 133
491 355
716 152
921 832
345 789
765 933
751 679
146 205
661 858
294 861
682 122
339 836
670 648
31 666
202 731
783 427
809 36
131 48
792 790
446 278
38 367
265 954
567 741
606 149
629 348
403 804
429 860
433 153
605 451
992 904
610 59
888 713
800 993
837 240
199 519
59 144
352 390
121 335
605 229
788 955
149 71
150 184
64 697
871 102
965 237
953 749
280 833
334 52
48 237
680 482
111 834
202 618
336 680
499 228
124 719
140 676
91 446
639 584
996 491
758 734
194 957
31 274
720 477
292 718
521 540
228 204
86 742
842 828
256 183
591 411
557 343
836 274
820 959
693 183
986 419
634 917
570 162
552 873
898 877
648 616
208 47
246 619
710 793
599 45
801 94
413 400
513 834
518 477
316 605
759 299
962 203
527 417
638 636
787 12
612 31
338 916
561 719
104 270
123 58
416 922
627 634
866 414
531 730
591 991
302 634
708 665
725 26
364 983
554 35
778 555
758 388
213 150
910 228
307 81
571 812
899 885
577 115
190 702
981 145
235 979
566 821
680 868
808 313
37 41
990 65
772 156
666 998
123 614
253 683
549 78
996 348
80 851
452 575
1000 772
160 547
380 972
734 213
991 315
166 609
81 651
478 407
102 355
139 503
487 479
442 300
317 636
412 158
32 756
415 19
610 289
684 728
680 831
727 602
158 819
306 638
236 899
442 14
318 949
999 294
380 726
842 495
127 635
556 36
902 333
327 974
292 659
464 232
586 635
751 167
642 953
183 475
559 812
945 539
103 672
350 663
733 666
631 467
56 894
433 938
865 943
920 856
243 515
726 188
138 957
624 530
56 30
798 744
765 523
877 81
380 495
109 231
511 855
645 91
424 337
501 333
764 325
385 583
407 233
890 159
433 630
605 760
108 48
606 307
878 692
540 69
62 385
374 407
213 795
752 227
917 925
554 825
495 641
900 333
960 496
172 148
685 505
361 613
359 470
2 231
813 685
226 265
505 326
491 887
737 883
81 759
207 83
283 611
802 689
729 471
892 933
912 897
129 281
257 844
704 147
581 385
870 768
513 435
842 289
182 262
115 801
816 332
796 722
761 851
747 356
34 265
966 646
415 132
935 589
112 733
421 819
408 238
211 739
292 362
642 891
55 466
503 599
98 883
30 244
970 778
626 593
879 385
336 271
263 374
566 117
271 795
793 787
121 381
333 494
794 576
945 756
775 743
987 81
458 641
394 523
168 923
902 218
171 108
959 31
180 470
42 467
741 211
355 872
925 12
432 751
146 437
920 692
194 425
583 705
791 520
952 5
200 746
576 689
513 522
248 802
669 952
467 512
969 966
967 183
551 436
165 201
97 515
596 547
653 612
731 528
40 893
902 689
118 42
417 906
164 751
138 564
547 198
58 769
369 576
248 623
818 775
302 140
455 662
115 229
520 133
568 811
903 642
658 879
910 356
957 289
889 91
905 734
525 29
529 218
734 173
538 344
222 961
650 830
904 514
178 283
914 679
349 450
399 604
180 848
785 402
969 205
805 607
510 175
516 518
942 760
520 705
318 994
48 194
466 177
339 453
152 160
334 72
618 63
871 803
505 926
417 268
58 22
539 410
928 880
871 944
553 316
582 557
761 542
826 19
534 704
662 501
665 407
190 410
64 794
30 99
948 369
87 118
159 389
767 752
471 407
254 541
304 873
115 377
423 16
746 80
540 46
219 471
369 454
601 563
603 77
510 837
424 636
629 986
133 28
850 985
290 553
99 395
514 940
137 481
844 87
916 580
460 328
181 366
357 39
229 645
658 399
221 533
120 513
578 86
523 763
763 222
592 485
471 825
773 895
541 499
196 836
804 667
198 254
680 649
437 874
960 393
245 177
282 173
726 672
782 886
53 667
311 298
776 267
540 316
218 686
969 318
988 462
127 2
975 627
504 211
71 571
827 825
27 689
784 20
89 1000
879 517
954 428
22 500
850 269
577 579
942 197
600 284
339 368
750 786
879 618
993 243
131 540
48 14
661 912
876 584
529 386
236 815
444 217
750 620
953 462
475 30
976 985
538 880
651 51
192 437
93 628
8 938
870 276
694 998
994 772
177 156
470 241
39 100
388 812
835 221
792 264
208 959
63 499
670 297
251 115
215 660
327 446
458 443
954 548
846 622
104 271
583 649
499 545
604 676
218 283
610 553
866 415
134 757
838 601
78 413
1 924
915 288
458 157
352 904
389 969
84 311
54 566
1 781
921 716
904 926
814 385
597 127
286 830
412 749
285 665
198 218
202 233
596 313
639 357
969 329
18 647
628 970
39 799
746 637
115 550
315 184
883 580
5 812
409 144
395 832
935 842
537 687
809 434
232 665
805 902
3 404
520 522
25 108
992 770
709 58
323 883
308 798
968 380
84 568
638 227
441 333
758 648
747 943
160 675
983 813
767 938
592 614
34 718
781 696
599 893
926 471
540 751
471 494
833 403
784 126
189 665
311 100
271 951
988 683
410 362
540 708
930 236
632 500
47 525
657 713
293 653
556 773
172 766
930 462
588 182
240 268
682 191
973 492
569 231
250 375
645 90
406 710
733 75
929 767
235 656
143 685
407 232
579 619
49 980
363 244
866 133
39 989
904 954
246 163
601 80
292 399
614 766
961 808
198 81
112 274
540 359
306 174
897 625
491 886
239 764
170 833
637 921
638 466
675 676
163 408
849 745
810 881
171 901
870 769
482 734
73 491
628 371
421 585
562 161
676 937
434 556
54 973
291 397
229 354
832 743
670 536
301 796
470 637
326 753
310 234
276 430
854 983
581 869
299 996
860 188
440 687
684 114
405 895
320 901
634 785
473 830
802 186
396 854
627 72
132 572
263 390
488 106
342 389
417 50
848 506
388 853
851 641
1000 197
618 668
929 95
513 792
588 500
243 625
805 854
462 909
692 298
489 977
53 240
825 143
735 500
720 83
242 267
52 529
321 882
925 444
32 437
929 953
125 734
164 722
810 108
354 288
587 274
680 624
591 918
939 401
735 59
403 556
209 781
411 201
145 37
143 566
930 841
866 169
500 415
908 902
981 328
469 420
236 497
829 132
957 463
482 785
382 814
112 318
809 232
634 415
796 994
709 335
636 737
395 827
88 311
218 688
952 672
774 773
22 126
353 917
244 9
13 345
452 847
724 711
383 721
370 752
318 784
634 369
451 369
760 841
188 944
372 149
803 117
913 88
497 588
333 222
617 851
85 845
466 833
608 122
770 265
972 713
461 122
353 593
524 280
357 57
379 465
106 379
414 176
272 665
24 10
834 615
428 276
930 50
859 984
641 141
721 991
851 556
670 16
532 81
682 962
445 936
879 235
995 486
650 183
492 276
111 450
502 837
907 957
34 547
18 220
865 839
592 828
481 606
613 669
247 179
235 715
922 553
322 409
100 518
51 122
182 784
143 522
441 779
615 586
799 643
696 500
571 736
109 609
883 818
735 829
494 997
260 613
544 75
283 268
70 84
201 907
6 748
886 298
227 635
581 360
550 723
608 730
236 763
74 234
179 747
991 613
775 696
158 424
466 112
754 886
118 668
894 918
797 817
615 14
68 339
840 268
16 830
240 443
132 944
115 792
442 104
850 157
867 777
689 25
672 809
148 314
497 616
229 433
565 567
529 513
803 510
627 226
276 102
63 830
584 239
747 589
106 351
987 250
540 428
662 406
320 973
197 403
780 613
486 14
744 356
686 651
998 425
162 688
716 762
897 432
977 226
503 122
90 13
699 637
276 922
152 744
280 477
669 93
797 8
285 852
574 970
446 345
263 777
969 780
255 555
386 572
740 421
691 731
798 541
912 732
649 243
977 686
433 584
127 370
177 405
4 145
776 202
834 320
891 785
677 182
917 903
204 584
190 527
626 372
912 265
861 810
643 139
353 243
101 885
451 666
753 626
900 649
639 90
514 279
831 820
707 762
110 735
737 55
554 647
315 409
279 546
376 153
28 866
965 207
396 766
589 595
276 292
63 636
284 895
410 558
103 367
276 497
816 128
180 559
162 14
551 616
71 966
699 221
811 903
524 288
48 489
410 704
124 348
944 427
417 164
595 909
16 742
497 199
224 537
125 983
272 911
853 10
540 620
464 423
462 950
614 947
765 295
626 239
992 717
241 75
973 282
422 480
668 456
83 856
713 261
588 183
535 920
293 285
367 620
835 726
123 472
226 13
455 505
244 348
703 343
246 390
943 292
13 799
105 838
967 98
828 562
770 523
530 26
623 637
535 751
807 586
387 7
120 544
652 521
818 865
32 854
622 663
539 153
944 983
626 916
676 278
17 151
914 415
717 299
258 155
852 55
70 518
1 443
438 912
614 473
323 560
902 391
438 771
184 990
595 508
906 625
733 22
475 266
521 926
538 100
888 481
7 427
690 363
158 813
18 695
951 112
151 90
45 133
466 858
283 816
733 824
291 285
2 728
997 867
10 255
546 285
450 486
703 850
974 71
150 563
580 44
285 472
927 793
146 638
664 255
593 175
284 764
725 986
194 786
711 731
254 630
510 732
806 388
293 735
452 74
632 529
405 705
655 161
823 725
789 555
202 443
725 685
89 139
574 898
952 371
616 148
321 40
907 993
982 423
36 738
520 474
717 13
283 148
783 291
627 933
189 66
584 848
273 239
672 467
430 455
583 7
736 646
386 953
502 920
286 646
141 129
762 922
330 202
994 181
838 989
342 50
18 607
511 286
224 200
583 442
107 389
969 98
936 885
918 37
41 535
227 828
710 827
911 248
896 515
7 399
788 640
111 564
827 106
978 18
889 917
82 924
435 969
384 117
261 401
374 633
488 169
840 94
936 689
909 802
595 980
986 347
604 158
417 108
293 913
935 294
629 765
613 216
9 298
432 943
713 562
542 111
431 756
712 374
472 812
459 215
794 836
579 230
707 445
726 139
912 979
674 814
456 507
109 395
716 437
511 523
717 844
419 921
340 515
423 961
786 574
618 915
14 166
307 856
694 580
352 895
829 739
189 132
136 16
688 557
857 234
360 974
164 582
311 657
209 735
28 181
586 768
146 200
596 432
193 355
965 517
1 848
628 833
807 834
451 784
553 44
37 131
289 443
780 365
339 461
149 682
582 48
527 593
325 41
329 46
339 518
934 637
538 186
349 138
74 732
720 916
37 630
637 366
49 185
34 335
435 948
694 218
533 200
682 754
139 776
315 715
188 699
642 890
267 812
818 421
290 391
453 713
941 676
87 20
343 142
203 571
259 893
663 827
427 179
48 300
640 32
273 585
458 711
699 527
940 973
354 532
212 711
212 938
194 205
536 224
275 116
494 360
501 596
654 39
553 547
915 68
129 719
869 693
462 885
284 109
13 617
910 457
749 159
878 445
113 197
579 992
601 856
711 231
346 581
645 245
593 716
978 850
463 942
366 756
672 61
984 255
75 158
60 298
464 919
763 365
175 203
88 35
700 378
807 566
259 100
644 998
728 115
545 515
322 668
417 940
398 601
828 150
442 457
123 1000
130 122
831 934
867 505
818 47
268 204
567 1000
545 681
757 10
831 823
224 670
463 80
567 793
145 552
154 790
230 21
486 231
438 70
385 74
813 10
561 497
580 299
931 195
76 762
918 975
647 135
6 789
834 692
63 972
385 276
742 146
945 892
723 916
73 521
258 909
480 517
924 558
617 68
500 584
176 270
242 14
263 557
158 285
682 923
225 804
371 586
136 585
694 738
91 859
717 131
475 568
482 340
981 894
928 358
378 293
293 284
350 839
167 311
479 97
198 395
489 639
477 576
134 727
818 572
835 614
364 54
476 664
661 814
25 538
23 325
316 817
777 289
314 163
178 814
820 321
1 879
623 636
866 131
460 624
339 769
966 174
311 511
991 265
814 209
763 486
310 592
657 53
967 272
410 79
84 922
434 889
128 692
292 111
629 386
761 122
603 184
430 245
905 830
272 243
903 462
193 663
180 895
272 258
989 139
64 740
22 301
996 584
337 189
763 757
159 140
453 623
609 180
148 243
314 231
614 26
123 786
817 196
72 768
806 840
699 248
637 611
123 449
715 85
262 30
746 309
342 296
114 139
12 693
578 538
261 350
655 898
68 872
659 455
77 998
256 418
753 433
312 73
535 900
955 673
831 82
673 80
840 835
167 330
170 58
651 569
492 321
722 654
234 124
765 556
948 252
472 173
36 534
890 335
302 433
412 305
450 764
454 156
19 401
611 491
630 261
819 539
795 240
687 740
293 479
86 459
787 916
791 868
973 833
912 451
913 30
400 247
218 866
679 165
187 334
424 140
26 192
1000 863
641 549
828 461
577 715
575 832
335 239
201 207
609 218
629 23
206 376
796 642
893 642
106 52
676 120
607 576
59 86
371 168
98 560
427 650
559 685
92 22
864 103
884 106
650 750
569 534
629 171
521 667
884 153
315 686
871 941
287 716
881 949
591 274
480 606
579 314
998 304
394 130
570 612
403 176
730 805
198 465
402 776
95 661
722 449
708 892
693 192
968 961
707 910
319 802
863 83
33 157
622 73
245 979
401 337
830 442
891 184
857 376
472 794
717 988
777 415
191 501
259 201
417 112
353 410
53 613
700 736
826 807
477 825
832 296
540 25
288 410
752 223
554 877
822 38
140 318
568 705
930 952
623 805
754 660
778 844
460 783
836 646
467 93
433 157
1 243
580 643
652 304
356 857
196 756
876 278
182 419
221 71
741 912
689 829
598 719
420 323
847 36
938 658
783 920
55 113
974 857
693 767
768 682
767 802
524 433
497 622
918 800
793 490
889 944
806 746
401 864
55 611
828 533
544 928
300 414
858 464
91 35
38 750
556 111
495 461
498 483
637 51
531 603
328 702
384 880
294 471
517 584
473 272
381 423
474 251
38 968
315 793
68 567
752 672
312 1
185 501
683 18
223 341
741 232
899 714
636 336
260 112
423 996
314 446
140 859
873 561
730 202
753 591
937 300
388 476
908 667
925 275
658 494
536 558
994 310
633 622
80 410
557 936
778 983
999 555
469 376
832 122
182 835
277 693
5 742
429 922
108 95
326 34
734 447
61 207
317 805
981 270
787 573
867 404
387 459
227 520
799 502
265 811
447 990
940 584
154 117
864 608
586 80
498 770
420 272
495 956
166 756
461 764
46 430
951 505
111 652
644 519
214 655
361 457
577 682
572 865
258 761
794 295
559 613
174 445
620 533
694 308
1 25
555 734
798 374
447 364
379 554
340 796
147 416
310 295
646 826
564 727
323 35
489 335
338 123
453 684
932 426
133 814
63 173
245 778
855 65
682 521
974 369
797 456
247 305
410 992
712 288
531 740
141 476
203 951
169 619
600 742
768 353
103 212
221 775
962 971
100 132
800 818
190 968
605 929
147 973
665 904
960 520
69 740
650 630
955 979
545 851
252 557
625 13
473 808
421 8
100 585
728 306
461 794
643 459
516 91
111 62
855 901
80 533
869 795
874 759
467 311
250 173
657 155
624 978
274 688
39 943
278 237
481 471
442 115
672 312
400 27
753 643
809 241
98 344
207 174
961 990
417 824
606 992
154 73
556 550
31 781
639 120
838 648
783 818
185 693
718 585
666 44
780 20
49 486
837 69
953 696
352 49
182 987
48 218
175 659
718 363
756 218
859 723
876 659
399 444
612 953
370 316
980 569
690 587
820 686
896 246
110 330
627 220
404 469
25 792
389 263
671 369
108 799
522 227
209 164
617 39
80 457
929 227
656 613
73 949
256 371
834 800
636 372
320 181
91 777
661 397
350 518
172 590
798 814
30 692
786 974
952 410
846 570
812 638
63 308
86 127
131 428
61 819
83 999
28 60
156 105
794 750
294 987
467 501
748 802
472 93
445 438
981 228
126 741
58 781
990 114
832 380
465 773
306 772
204 658
923 196
272 50
206 816
383 508
221 497
746 688
69 173
549 147
927 22
867 560
94 992
948 855
328 376
457 852
420 296
519 588
176 828
874 175
413 545
250 645
396 305
642 57
715 981
845 542
901 650
774 538
98 561
138 328
603 532
806 907
418 968
650 751
524 132
125 89
549 67
917 83
205 481
999 813
98 787
392 578
708 456
430 722
16 514
73 631
419 607
613 373
906 87
343 228
538 394
441 100
781 21
626 851
682 961
476 302
581 521
693 207
894 576
492 384
368 702
226 564
928 304
892 97
333 329
695 646
293 322
185 329
886 579
119 80
100 748
706 539
666 799
459 55
942 960
544 383
504 684
657 944
108 342
326 293
346 623
655 812
226 318
249 344
411 57
198 355
455 336
517 469
703 510
672 386
92 382
550 103
38 331
848 579
502 260
395 634
527 957
662 668
745 826
62 556
81 603
875 171
657 508
311 343
867 479
600 194
338 162
926 547
196 260
325 440
788 576
984 280
921 161
832 772
732 229
988 159
127 765
737 153
422 861
906 646
475 229
183 300
984 765
500 848
430 846
684 422
133 696
867 1000
843 680
10 181
746 251
552 560
916 177
917 216
119 496
391 641
747 735
894 642
676 593
533 424
557 338
462 558
357 316
733 689
256 315
901 325
189 595
355 855
66 414
284 329
638 534
53 132
359 916
160 182
638 609
536 785
556 684
118 453
669 971
807 893
848 882
77 608
110 674
643 577
572 484
539 400
929 890
958 330
549 791
877 138
623 602
229 277
882 736
190 675
878 327
782 935
697 589
476 468
352 746
136 763
468 176
702 907
821 756
277 406
848 702
620 82
639 246
10 666
897 444
407 644
945 293
710 103
433 9
931 790
804 488
161 686
148 532
145 225
724 199
422 242
138 736
309 519
583 434
745 449
961 652
653 334
110 589
571 205
534 51
421 794
71 66
817 77
563 609
811 619
704 473
547 53
492 772
684 394
133 668
146 537
185 197
21 311
979 559
798 17
381 473
829 869
651 817
978 809
157 40
380 151
740 728
552 842
540 623
78 474
81 278
708 949
838 780
431 686
588 291
238 156
350 954
21 634
668 459
83 861
264 897
912 797
416 76
921 993
60 635
192 675
985 151
69 739
179 351
759 40
83 955
86 969
999 761
1000 681
104 510
752 314
201 516
915 320
792 693
692 150
41 124
424 116
705 5
762 990
139 731
47 50
178 191
165 899
209 11
631 816
562 281
619 840
435 389
917 521
466 277
268 99
168 151
758 812
524 812
687 352
221 142
315 73
997 573
977 43
859 564
128 980
914 719
572 919
124 415
599 590
46 314
233 209
231 842
992 2
653 902
949 604
676 804
823 951
827 432
955 231
8 776
599 684
195 186
267 793
487 898
898 413
932 144
613 336
230 740
46 903
399 349
238 495
555 475
811 885
747 676
221 388
803 665
128 399
717 67
77 970
142 414
725 584
262 830
855 213
380 187
454 726
755 289
441 809
868 64
810 274
323 461
911 212
804 376
200 751
147 1000
991 171
830 111
961 460
394 691
658 420
201 599
411 395
478 443
988 604
492 97
455 367
5 969
223 520
504 623
411 205
965 558
32 774
105 944
368 174
443 732
355 395
100 765
908 898
233 500
696 476
92 573
828 233
978 570
321 617
361 580
848 396
888 691
207 141
448 788
290 715
269 858
734 136
832 906
908 119
309 974
314 863
510 65
554 715
520 631
496 598
282 278
581 146
908 454
106 50
362 88
555 891
607 578
565 33
666 176
685 244
239 593
48 199
579 211
451 258
471 223
328 87
111 820
646 737
581 251
278 323
483 693
448 720
713 324
769 42
954 102
332 918
758 756
686 401
106 359
438 302
650 912
394 128
656 563
307 737
423 991
224 597
389 395
851 560
928 595
53 62
592 832
518 88
21 720
722 447
579 90
198 676
237 194
635 851
467 709
893 407
398 405
684 721
157 660
388 107
544 257
372 922
543 989
750 243
401 224
755 722
186 866
498 528
284 187
431 68
696 43
865 692
916 560
188 351
834 201
130 704
458 245
833 7
463 836
563 170
216 63
914 192
532 759
390 801
887 765
17 195
454 408
23 539
729 711
724 462
348 222
16 389
595 347
813 752
151 265
49 323
965 949
433 236
767 121
469 678
698 592
257 798
828 467
885 238
910 107
179 415
857 581
185 748
681 663
934 707
775 709
443 164
465 300
121 450
286 274
371 81
914 791
846 362
628 472
943 736
693 765
390 432
931 40
471 227
901 896
98 837
581 936
768 859
402 569
885 546
196 217
825 783
188 268
396 794
38 639
323 946
369 276
621 542
656 942
670 626
800 697
221 801
203 794
939 174
632 588
851 810
963 804
820 219
916 758
919 529
521 194
886 940
522 877
71 466
850 961
166 76
818 535
156 82
17 508
182 982
165 140
258 532
388 365
598 178
601 206
784 538
530 50
161 573
291 634
165 29
154 302
533 650
892 586
681 55
883 760
193 509
66 613
529 123
364 258
763 588
430 109
503 841
269 785
414 474
847 746
450 334
268 207
36 115
980 298
728 771
585 158
470 648
128 969
190 543
699 386
40 261
116 48
78 610
10 485
836 809
340 568
474 758
681 540
23 565
390 472
447 281
177 493
91 355
64 858
664 969
332 837
884 172
759 848
518 884
85 769
661 36
755 953
367 71
78 142
962 613
279 909
194 923
497 874
719 643
489 734
695 442
459 434
828 793
802 101
997 190
964 329
17 924
4 686
73 217
388 781
190 177
530 594
530 741
419 965
423 821
959 199
674 853
787 46
570 930
645 52
370 99
357 348
790 706
882 803
296 386
294 957
320 280
874 979
835 619
912 572
574 746
273 118
256 836
668 25
403 900
170 665
989 775
952 939
828 198
795 55
472 272
666 264
667 241
656 967
796 923
784 947
614 477
84 788
456 403
681 350
809 401
906 637
245 263
547 357
324 170
331 802
816 322
345 370
93 868
798 449
120 944
180 920
916 364
42 115
906 814
68 949
414 89
627 222
419 421
205 76
746 304
803 267
589 294
368 950
403 153
741 507
491 955
720 298
439 732
122 764
319 954
690 826
494 180
631 397
262 718
764 18
326 989
919 744
740 27
243 741
595 554
873 638
892 206
812 527
698 913
568 91
472 176
454 768
57 986
421 89
80 469
243 771
616 295
268 764
861 731
823 465
222 399
833 58
134 833
374 90
122 35
13 144
397 49
131 221
922 752
61 132
429 992
583 3
586 293
434 54
307 316
132 556
168 629
921 568
350 354
727 980
164 226
505 356
914 526
338 188
365 961
903 303
238 935
646 599
154 845
984 532
861 466
314 23
599 706
908 293
21 56
640 590
333 170
171 275
450 454
841 751
200 225
720 488
774 213
189 875
336 481
635 647
923 977
52 421
935 290
849 37
376 871
29 947
416 312
513 974
988 616
332 196
575 152
503 109
416 151
640 536
3 655
354 511
697 123
38 661
208 856
816 615
123 23
195 610
593 331
902 482
657 950
550 187
809 883
847 975
78 860
523 753
218 547
863 81
389 608
435 222
493 556
610 192
446 691
47 501
287 442
179 805
911 540
644 889
499 512
326 46
553 161
934 998
849 778
351 688
870 992
357 563
709 302
561 794
710 121
876 273
186 347
371 363
260 640
541 817
927 264
710 904
896 628
656 702
182 337
184 922
920 108
778 167
154 830
317 706
525 285
822 353
368 568
390 161
187 186
284 700
1 757
28 906
141 613
381 96
805 718
917 4
629 778
427 888
979 823
780 828
160 669
968 36
343 420
632 145
851 497
798 168
159 470
767 525
163 915
661 112
479 949
826 1000
941 672
870 270
820 535
767 658
589 238
429 869
104 968
181 76
312 210
481 802
794 821
464 24
891 379
677 748
898 791
337 727
864 672
977 903
580 689
1000 288
342 473
961 977
255 726
920 609
616 208
946 545
468 877
51 191
743 722
49 930
861 515
718 948
156 312
615 532
338 576
800 213
378 961
671 620
731 975
326 33
588 844
386 970
117 420
905 574
142 439
1 545
499 540
524 699
373 251
637 798
913 884
879 833
805 174
386 236
103 912
999 232
184 967
391 355
614 385
651 393
118 720
874 338
862 691
277 231
297 761
634 690
157 625
529 966
442 9
154 901
874 116
675 125
971 914
555 723
718 189
295 340
557 1
599 650
695 151
493 475
992 326
392 540
87 71
234 393
492 661
698 24
220 676
27 455
9 277
617 72
944 168
254 607
426 182
890 883
670 109
342 482
473 369
263 702
410 388
742 743
844 183
94 530
61 699
542 314
679 247
518 323
995 178
868 140
463 616
209 633
545 231
269 287
933 840
973 631
333 920
248 892
730 348
456 10
236 229
346 549
899 969
649 786
445 431
982 382
549 777
165 48
334 921
1000 585
490 763
201 364
291 998
74 506
41 243
633 873
904 783
729 318
433 329
543 217
224 434
905 683
429 157
212 211
912 249
343 955
399 965
602 429
439 128
314 687
520 974
26 27
706 73
914 219
288 786
107 659
519 613
670 564
597 593
159 106
641 767
879 571
220 68
628 377
221 529
44 282
880 634
386 389
462 424
944 487
301 790
398 155
491 727
456 193
613 461
116 811
48 59
547 979
254 921
189 838
461 33
890 949
797 647
45 418
319 199
458 825
129 847
371 780
537 94
638 882
987 86
474 15
169 571
82 568
674 148
340 174
402 947
739 614
725 711
997 290
816 163
238 544
693 25
493 3
789 566
464 279
998 852
378 325
910 282
363 539
273 823
716 29
360 649
49 776
467 521
764 497
772 243
160 111
753 96
956 707
887 501
544 453
139 795
364 177
624 787
881 132
153 651
886 183
464 964
729 120
839 7
744 714
740 600
887 283
710 368
748 195
842 676
679 559
39 844
970 442
634 54
89 283
128 741
924 307
737 807
775 573
351 607
146 540
121 842
47 310
340 300
328 492
880 809
974 935
614 510
779 663
72 696
992 318
841 82
715 633
537 361
790 117
465 710
148 445
115 770
791 405
387 947
766 487
125 485
25 223
689 64
20 998
186 458
940 87
784 491
271 727
309 384
307 381
8 949
959 346
48 438
952 518
751 228
21 365
959 427
640 89
414 852
261 207
445 930
998 534
983 422
180 433
350 993
257 907
444 162
998 737
565 2
358 768
554 277
61 739
449 65
674 922
937 308
666 794
167 507
5 492
825 399
882 872
387 826
820 185
636 863
179 6
278 4
425 906
333 817
49 534
946 284
985 194
622 649
763 309
201 118
127 186
314 517
645 463
944 916
871 299
249 40
212 164
876 131
988 453
331 759
283 661
504 218
413 736
50 154
801 122
988 372
789 389
685 308
776 528
966 295
291 109
989 94
405 509
500 957
931 93
969 146
201 376
438 127
205 672
194 659
417 432
642 139
157 766
461 903
978 243
686 320
390 397
21 819
452 222
592 625
348 287
629 954
907 386
863 845
129 774
299 210
808 756
979 532
821 377
569 272
72 344
590 190
612 338
632 368
650 115
63 26
269 405
599 948
820 903
622 271
262 604
577 446
866 652
890 719
561 997
754 14
441 871
523 417
337 726
821 140
364 809
436 174
77 652
902 967
407 511
7 737
545 218
319 723
86 186
74 658
660 765
366 634
556 574
852 613
670 562
303 175
415 929
221 626
596 610
777 264
796 124
924 425
943 511
1000 735
622 826
199 927
990 958
331 367
10 988
905 428
924 472
653 822
640 911
550 390
164 325
274 645
916 820
791 936
631 809
335 284
317 801
670 388
71 502
947 789
353 245
90 632
106 967
220 953
224 262
92 868
654 386
71 532
845 705
917 724
899 313
993 54
614 390
766 349
513 431
16 129
779 300
893 838
306 630
96 46
663 662
80 866
46 652
267 97
430 559
841 836
127 611
979 722
98 238
232 461
436 735
789 93
298 728
840 200
694 231
125 143
57 407
555 496
883 31
391 742
881 833
378 78
259 860
618 675
989 776
21 534
152 347
1000 127
359 804
731 497
215 704
973 276
830 487
78 584
929 918
434 460
159 777
147 977
847 864
313 441
497 436
377 750
333 80
395 708
950 959
631 126
504 743
891 981
303 67
450 661
325 519
182 944
143 682
437 905
705 105
706 450
341 365
696 340
368 133
575 740
852 863
541 444
452 557
307 503
210 747
501 24
805 240
538 477
782 958
117 40
529 246
36 2
718 546
135 974
146 526
211 28
178 367
767 51
76 934
644 592
828 405
520 606
102 150
49 26
124 954
694 458
166 871
426 708
945 32
158 791
875 803
74 28
970 757
917 458
974 149
779 916
194 731
391 919
785 712
736 26
814 685
964 122
267 794
626 585
612 564
314 339
124 455
483 632
708 103
46 906
962 457
309 476
884 416
741 505
143 165
626 811
522 126
890 660
191 105
319 932
142 711
470 48
272 993
254 285
940 432
941 905
411 642
817 699
752 748
398 444
899 761
518 413
167 321
548 996
83 890
651 572
816 873
4 930
504 660
928 246
658 419
754 312
494 519
920 602
482 87
100 922
193 232
738 243
660 548
353 482
508 498
191 992
145 30
460 909
689 729
356 834
730 260
92 568
398 619
705 151
64 25
780 327
361 585
325 174
662 871
554 916
61 441
211 75
395 816
657 421
73 174
849 701
315 249
795 307
201 11
948 851
153 119
412 773
374 951
965 240
608 787
723 450
651 289
563 557
875 783
931 49
244 470
319 260
230 161
50 571
414 40
993 969
218 139
390 49
542 183
124 255
428 275
323 255
453 864
295 683
423 8
544 951
172 776
836 295
964 380
894 757
697 159
354 347
682 973
336 1
717 878
467 857
450 25
475 758
171 209
262 680
985 261
518 377
223 141
464 756
803 869
849 635
173 889
908 748
341 451
78 765
368 495
922 560
523 820
136 485
752 325
57 613
813 954
325 864
531 333
715 472
791 903
60 243
631 836
135 739
856 82
344 870
770 926
809 188
350 348
779 980
415 256
680 943
838 632
292 93
991 733
760 413
44 558
540 427
923 341
819 356
434 826
534 201
849 665
171 949
957 718
900 784
785 485
419 35
816 445
562 145
937 345
899 936
451 338
239 275
494 534
900 833
68 233
451 227
128 782
168 543
387 831
452 223
24 345
480 640
428 352
305 491
452 366
402 583
907 274
232 240
105 134
785 946
397 463
579 426
797 511
157 64
897 393
60 781
481 800
595 724
781 811
449 258
53 128
882 88
594 61
617 285
98 182
358 813
859 328
772 244
536 789
829 656
832 586
597 436
565 150
490 848
397 260
109 250
790 805
518 756
385 1000
907 815
144 621
674 357
400 391
109 139
860 965
476 690
772 103
739 236
244 662
193 208
31 720
677 302
274 371
834 347
691 510
330 42
559 233
120 634
815 33
999 772
197 282
126 432
53 870
183 731
990 217
319 222
671 550
545 758
948 757
426 362
771 84
311 183
6 707
448 863
552 69
222 208
165 606
500 99
802 533
175 533
287 79
395 579
954 328
420 364
59 36
900 918
315 414
851 192
227 890
227 698
966 659
537 465
756 195
828 720
888 59
157 480
413 918
491 718
371 20
50 707
254 867
720 547
397 204
324 373
806 689
820 960
368 909
149 366
755 198
211 925
966 863
860 502
945 592
506 646
712 293
215 850
164 960
275 41
204 449
579 23
268 870
971 417
147 99
312 622
833 384
190 7
925 464
433 818
929 917
269 396
57 850
866 456
151 936
299 435
493 831
900 129
246 409
545 854
105 847
397 441
880 323
950 815
352 940
403 536
853 16
361 818
549 823
805 413
289 249
131 226
994 70
62 398
308 522
221 375
260 917
944 974
598 447
411 259
412 632
197 510
588 705
19 710
559 448
27 851
891 528
469 746
18 626
788 826
280 629
631 594
409 151
118 643
466 416
953 850
80 800
500 71
305 119
931 903
453 311
515 196
185 553
887 193
571 237
850 92
673 701
339 417
512 765
127 862
324 75
892 126
533 153
348 337
462 473
655 746
34 224
881 899
898 409
445 698
67 120
711 835
507 353
976 808
344 353
210 918
983 47
380 64
27 628
829 651
788 612
502 599
801 247
953 89
111 321
975 808
872 7
502 710
428 733
454 613
593 467
212 627
329 662
639 784
986 130
528 813
782 214
251 160
186 223
400 432
255 744
221 520
442 855
66 791
657 856
786 124
274 106
297 89
208 556
529 294
584 855
326 476
136 296
140 272
896 990
895 830
329 217
420 621
389 149
504 849
981 449
838 458
73 220
59 273
957 312
743 331
156 601
401 146
479 386
634 278
709 472
306 477
167 725
456 434
284 890
349 473
701 676
371 257
137 857
753 2
858 830
803 236
866 596
723 453
50 937
822 267
751 403
198 302
283 146
205 267
618 36
858 599
546 154
290 11
241 639
849 376
44 30
816 79
410 656
711 918
324 318
881 943
759 906
940 224
889 760
15 732
169 59
39 234
556 16
9 339
797 282
302 936
845 46
261 205
284 354
442 963
531 803
454 566
716 349
778 328
359 879
485 560
68 616
626 46
19 100
256 626
275 206
792 420
670 325
18 212
644 288
937 314
167 501
818 623
229 652
326 286
843 896
40 947
900 89
834 197
984 234
820 400
344 73
930 720
515 674
994 415
852 846
325 879
363 180
776 165
925 988
675 953
737 720
757 797
406 83
411 459
452 757
420 107
98 285
979 252
525 56
819 359
399 831
934 628
452 939
589 726
813 398
465 288
376 133
999 423
413 512
34 471
72 158
127 760
96 4
116 79
867 817
754 629
140 719
336 713
189 938
760 90
404 334
29 705
31 375
533 209
475 105
901 541
154 590
764 913
746 228
323 77
395 360
76 435
936 660
663 963
977 56
9 510
724 723
138 218
926 115
109 564
695 338
111 155
664 555
595 614
778 10
707 96
369 305
579 58
949 84
381 530
155 723
964 631
971 277
366 297
459 121
939 307
192 604
264 121
468 761
458 307
975 902
60 451
409 251
511 170
432 551
252 519
518 644
226 934
924 427
730 502
216 577
717 732
740 643
562 671
549 995
757 832
459 645
795 47
10 941
463 213
191 858
839 862
71 496
83 478
357 707
662 812
225 49
468 403
785 311
435 269
912 24
454 313
802 530
345 933
827 205
258 320
961 647
598 860
804 203
71 820
384 278
112 683
921 49
527 736
582 320
113 314
849 311
408 11
194 612
105 71
413 774
38 211
962 609
393 810
101 582
855 494
125 141
287 642
695 257
951 799
459 473
409 528
879 85
349 886
929 74
103 811
513 779
329 902
879 186
294 324
223 242
379 108
597 486
635 799
372 943
321 171
820 187
513 725
701 392
61 809
194 458
469 196
208 690
338 769
584 941
967 243
938 876
833 82
227 511
305 601
740 402
382 601
532 708
57 668
297 141
444 100
190 576
69 401
10 994
511 12
918 324
212 715
27 933
140 252
123 540
948 603
153 451
576 154
830 515
800 466
268 24
256 581
734 191
607 439
828 234
538 330
960 232
961 577
440 892
348 925
958 407
8 308
577 657
57 994
528 59
358 98
418 847
42 867
629 173
850 202
133 567
620 992
271 441
326 607
277 105
84 613
470 906
418 17
236 872
440 713
572 754
591 150
738 742
47 251
211 602
964 100
159 282
682 693
650 471
63 894
817 334
780 598
220 651
385 506
152 411
280 208
670 61
109 846
307 569
146 649
864 926
574 729
557 405
975 225
742 915
377 829
30 303
570 864
113 971
80 28
831 91
816 736
416 254
694 705
454 602
95 860
995 322
1000 492
104 289
13 601
217 966
669 684
223 56
406 520
818 584
696 20
398 220
38 682
317 565
66 788
444 804
187 582
203 405
9 684
178 205
74 394
936 289
934 796
147 570
792 773
670 810
505 14
568 300
45 434
553 56
735 960
331 390
26 344
266 715
283 315
554 914
448 873
57 743
878 811
832 911
349 993
600 155
88 431
72 788
19 963
225 234
281 40
395 16
197 132
590 741
732 329
922 291
427 643
559 682
727 532
853 841
547 146
729 731
470 551
642 162
295 392
120 222
729 836
569 543
224 780
563 16
898 634
964 239
230 304
794 938
498 94
377 872
391 552
195 443
531 693
493 194
42 298
649 258
582 852
911 134
868 97
962 250
673 117
285 839
397 653
91 920
889 693
410 524
816 539
344 300
536 938
866 497
703 262
173 887
123 408
783 158
52 916
857 99
365 460
520 77
952 286
762 928
675 811
549 974
715 474
740 834
792 865
887 760
299 883
28 339
801 725
40 97
369 747
960 50
580 891
407 777
692 617
107 59
291 816
18 552
761 74
503 996
357 575
322 850
254 393
289 184
274 977
577 680
61 503
687 295
211 470
322 965
896 584
568 917
1 276
558 48
62 899
838 878
6 609
140 712
287 907
145 870
129 121
276 504
81 864
558 274
358 276
641 675
826 74
738 686
668 825
16 612
551 972
509 777
937 968
7 279
202 647
767 670
492 572
38 624
789 792
122 705
426 787
384 742
459 282
649 318
617 572
345 958
873 792
947 513
285 186
610 293
159 641
735 422
852 642
952 88
441 725
631 230
706 219
660 760
723 157
152 911
155 496
139 983
494 95
929 745
236 253
697 373
863 32
153 727
632 926
834 294
537 889
921 730
463 807
965 737
308 560
493 524
909 968
505 134
503 727
648 223
424 188
460 810
390 913
980 81
763 987
748 405
25 344
546 842
374 723
231 126
468 412
948 870
590 515
917 721
577 692
926 304
482 560
235 264
236 825
715 514
554 652
22 430
407 608
211 355
999 458
432 84
784 249
141 564
629 889
900 807
560 848
922 283
581 998
906 823
854 961
637 457
38 690
699 212
318 642
300 377
599 887
747 544
73 561
717 456
350 755
850 811
688 210
907 304
343 170
423 210
885 803
523 224
997 185
243 57
584 274
751 910
460 85
480 891
464 400
318 79
502 760
202 968
62 112
288 29
694 661
610 592
22 706
742 673
835 449
292 663
199 94
915 473
476 737
369 887
28 70
783 214
145 166
164 390
455 385
536 529
84 349
411 231
514 652
531 278
92 928
364 189
257 669
221 708
574 344
98 113
26 466
905 461
434 15
622 580
844 710
465 931
796 865
717 658
714 214
87 952
400 18
843 262
738 48
576 155
353 22
825 797
377 152
737 904
899 393
738 163
222 976
121 163
374 575
469 857
842 197
862 256
611 512
850 312
813 324
606 177
651 4
822 690
826 235
723 43
817 18
598 889
379 737
909 962
987 494
35 45
457 899
920 293
263 69
121 622
247 546
309 263
127 512
310 224
441 375
124 437
889 647
284 971
547 983
328 799
812 49
923 968
746 317
380 979
759 126
937 768
151 413
773 426
77 13
439 682
423 97
194 875
146 646
638 705
604 977
18 460
54 438
104 147
86 7
753 314
441 668
880 207
549 614
90 381
754 164
39 260
481 584
632 760
247 161
963 624
179 385
787 190
751 753
866 349
861 726
878 748
700 724
916 905
494 757
117 326
411 195
160 321
164 265
757 918
723 538
631 893
597 61
100 763
684 525
827 584
629 332
760 548
888 586
156 548
639 295
287 338
218 797
420 113
650 850
653 93
840 572
841 197
753 561
25 272
376 508
28 669
162 578
491 989
762 432
379 796
111 717
24 711
278 716
266 780
767 652
698 779
20 883
721 666
722 117
922 339
326 938
732 62
145 778
590 900
738 651
12 638
200 230
519 9
279 944
346 131
976 790
483 486
17 974
345 457
419 674
650 42
545 464
721 247
480 803
635 873
87 478
659 201
881 489
671 777
13 636
576 744
4 897
905 218
929 716
701 401
252 765
716 140
174 672
981 16
430 270
415 606
38 499
631 976
812 782
545 909
984 155
730 387
678 163
537 781
139 537
53 783
594 697
97 887
852 1
357 685
804 910
710 227
70 66
611 890
832 125
248 372
533 830
395 849
841 225
354 221
754 878
559 363
747 251
892 992
371 287
110 540
325 306
866 630
614 930
707 550
233 147
82 54
779 482
29 735
716 959
955 293
774 283
940 55
834 558
254 473
157 315
86 643
858 472
988 811
372 512
266 405
785 951
642 600
916 47
475 777
816 843
705 581
27 871
823 992
56 159
278 538
886 567
246 662
99 464
9 952
377 726
804 893
766 843
860 849
916 611
636 776
469 159
87 704
695 897
57 533
539 361
667 348
406 672
613 520
852 976
633 755
880 425
844 332
630 325
408 772
406 275
911 718
920 203
865 436
907 416
227 675
778 817
387 100
378 829
396 172
650 476
131 937
424 189
460 811
300 528
193 608
616 452
912 146
141 192
54 547
74 165
383 445
244 853
724 95
743 141
49 353
333 37
932 44
805 826
20 614
610 322
444 390
248 255
641 793
141 418
894 373
10 495
304 128
231 863
514 15
861 484
918 853
832 662
124 624
305 298
538 387
876 679
366 941
758 647
816 186
837 284
16 562
418 122
627 200
171 350
945 875
604 168
608 171
256 240
133 790
393 953
567 325
755 221
938 391
314 413
263 548
56 204
376 317
521 262
1000 99
103 954
532 130
420 676
863 720
777 253
734 123
946 668
708 963
195 656
804 367
994 752
777 78
632 435
905 274
501 337
212 292
398 881
776 1
563 379
66 929
953 60
140 122
520 6
61 122
559 239
778 834
508 913
594 750
477 188
199 391
269 990
677 33
734 150
645 515
757 541
84 931
286 547
953 998
326 800
24 974
280 632
478 639
10 146
417 673
568 991
182 355
408 476
432 765
747 195
766 381
895 347
110 641
21 144
404 776
408 331
944 269
619 397
417 387
568 829
879 695
456 119
779 477
263 68
28 975
172 538
953 418
707 911
449 899
50 738
968 97
896 206
916 129
220 191
292 699
100 364
427 980
981 775
868 873
1000 161
102 673
81 615
33 430
747 211
815 723
946 862
121 937
360 175
693 243
181 911
404 851
555 254
830 308
872 10
47 554
602 191
985 301
712 467
967 901
899 765
111 435
423 983
228 381
692 428
279 745
726 71
530 338
35 880
182 993
203 6
316 895
243 777
65 57
895 965
203 407
776 61
744 753
263 857
268 329
126 749
736 801
847 535
425 802
390 828
190 610
822 163
691 59
451 830
527 929
490 728
952 589
594 722
667 34
465 910
942 360
913 934
83 408
746 696
304 411
155 486
567 954
71 587
495 911
97 52
200 2
465 680
192 352
728 479
641 685
951 392
323 786
917 264
420 933
463 338
728 705
270 930
54 821
715 973
906 746
673 749
874 38
784 194
345 780
107 669
992 37
480 265
529 582
798 295
917 441
362 869
769 35
594 56
685 911
394 56
529 675
380 897
695 218
756 292
426 361
725 787
746 286
341 538
582 680
676 549
769 461
168 980
825 642
319 119
712 273
17 973
734 850
522 30
267 617
397 570
436 32
453 910
590 321
132 313
904 338
970 304
484 788
216 458
984 162
188 658
479 19
659 736
805 563
604 724
915 419
661 651
808 590
403 375
373 685
283 221
545 162
398 994
654 5
571 942
282 927
965 422
377 283
632 135
577 98
939 519
155 52
431 163
252 988
386 992
634 228
482 857
122 432
472 351
36 864
993 323
667 14
596 152
788 874
753 579
927 93
278 28
706 603
144 80
436 862
780 69
567 783
783 882
296 698
372 77
306 30
275 996
21 200
793 103
352 241
278 745
374 774
12 317
897 961
550 773
117 389
447 371
430 647
626 570
681 971
42 603
557 168
11 204
829 909
915 914
936 414
814 600
915 771
127 505
186 717
931 421
543 302
172 1000
690 877
711 661
983 464
42 268
983 321
753 368
346 902
121 8
687 589
962 220
191 306
104 236
433 778
329 80
554 498
517 142
191 387
179 331
531 30
739 131
556 571
227 119
375 343
530 154
716 177
493 744
394 965
571 827
311 636
810 333
505 91
198 214
53 753
972 489
903 681
320 64
529 124
217 829
913 989
168 156
311 258
224 428
791 20
45 722
886 764
526 291
620 74
970 105
553 135
282 439
363 698
980 305
819 757
287 75
219 897
864 474
737 967
214 644
487 688
922 281
33 566
50 620
915 720
715 866
59 774
354 906
458 615
559 989
599 640
926 432
954 608
15 627
91 489
20 923
495 123
52 51
552 532
114 157
591 477
977 25
741 448
924 544
816 921
10 32
902 163
232 208
432 914
911 474
950 372
185 62
259 835
321 165
740 449
87 163
697 219
453 949
113 812
440 108
575 222
578 302
6 335
264 826
599 196
786 995
859 315
53 224
971 421
844 173
594 859
591 864
277 221
817 819
61 768
142 942
106 36
761 746
868 138
212 694
711 300
345 83
632 745
597 182
140 409
359 743
880 470
644 25
95 313
620 392
804 711
977 565
974 691
106 917
343 960
344 802
148 722
844 599
573 143
277 434
615 788
823 29
800 469
620 174
782 677
698 672
572 73
426 943
813 305
317 546
489 69
268 234
128 573
805 989
440 895
258 432
137 801
323 714
288 903
788 512
755 719
208 672
336 591
395 70
474 725
555 676
292 966
297 872
529 565
346 395
1 124
534 326
257 490
542 973
300 456
712 24
430 703
966 925
971 773
147 455
461 219
110 477
786 658
270 515
129 833
298 468
663 772
735 60
685 844
924 516
446 192
673 780
945 743
87 214
756 87
332 223
594 262
707 61
622 200
795 251
260 275
311 515
192 852
565 40
569 45
365 50
519 496
321 180
998 846
330 45
264 52
925 289
767 673
327 11
731 969
66 787
986 928
843 105
437 228
656 658
777 331
874 833
89 291
934 787
369 627
353 342
460 654
102 831
255 486
315 520
349 130
939 824
463 782
662 888
97 218
996 978
26 214
689 958
699 738
714 91
40 422
793 872
277 327
426 899
745 615
317 582
620 801
412 894
72 791
344 604
384 435
439 87
23 916
727 672
803 144
589 703
614 210
120 114
581 43
28 957
106 77
91 307
77 14
955 170
177 302
849 380
329 937
216 911
840 73
785 824
793 341
149 428
802 29
695 330
57 466
111 131
561 866
726 420
802 396
142 725
15 329
623 36
100 103
806 557
957 266
492 505
973 326
685 594
924 782
394 637
927 661
169 827
942 862
707 311
835 266
319 677
677 467
588 242
420 588
442 900
21 811
134 762
813 347
198 856
105 890
906 159
481 731
875 503
588 976
537 866
350 39
387 59
296 127
978 903
627 716
959 728
602 583
641 893
677 23
294 553
631 752
605 469
736 556
803 560
595 355
500 229
28 588
876 264
537 734
465 651
616 853
740 866
126 202
606 816
129 348
206 162
443 188
172 278
616 996
67 760
676 902
205 346
277 61
63 588
718 168
955 182
833 962
426 552
23 670
926 341
196 178
368 791
864 140
976 982
43 289
335 521
729 982
740 52
132 617
246 859
10 13
263 429
836 497
8 550
834 718
584 59
587 906
834 865
262 766
191 172
393 125
68 569
363 699
123 15
333 626
661 460
720 120
170 105
777 199
882 983
954 553
282 734
160 62
184 180
296 430
861 839
646 434
282 577
9 783
781 409
787 248
722 991
597 145
729 9
503 434
584 772
661 896
900 456
27 44
778 940
451 872
471 937
269 39
145 473
292 408
165 918
143 316
783 514
363 37
680 993
734 52
221 415
500 330
283 522
250 369
178 498
304 995
67 950
174 126
582 11
590 518
681 362
940 721
408 450
687 452
112 709
763 41
436 586
337 317
34 503
996 613
405 140
409 841
928 983
638 236
894 122
441 308
873 445
211 578
486 504
879 371
267 189
167 791
320 950
870 338
93 648
52 501
694 44
346 214
882 260
192 342
350 758
901 654
594 400
320 805
837 572
566 234
703 903
872 385
627 941
234 658
255 780
552 819
483 177
817 657
220 880
868 36
100 142
941 816
592 265
804 780
203 143
847 878
333 512
599 293
503 368
315 716
360 625
352 515
19 382
147 693
23 350
302 275
257 762
779 821
162 785
494 830
58 113
136 640
507 689
571 548
75 917
258 111
169 344
597 888
446 780
197 394
40 459
157 780
233 446
1 288
884 891
409 11
83 220
671 807
548 504
475 262
976 737
98 547
76 642
367 397
25 196
615 219
837 365
620 627
974 66
239 199
920 343
888 203
671 234
712 25
608 218
826 1
337 84
465 159
998 259
567 314
698 455
293 993
955 476
538 556
356 71
160 954
293 626
132 432
812 338
560 443
105 466
946 45
954 638
204 113
42 84
51 478
749 203
324 810
939 383
282 534
156 99
69 718
381 824
882 895
369 784
883 693
753 721
62 333
356 805
781 417
584 973
624 778
933 230
313 697
100 535
502 135
749 382
787 929
633 669
559 141
434 46
329 283
629 329
847 646
481 9
322 731
537 592
258 115
408 540
763 524
891 563
585 892
897 680
787 748
690 8
944 717
396 340
274 176
348 125
277 183
560 573
797 800
983 533
984 621
841 36
73 434
756 145
295 567
673 739
61 664
784 196
346 509
272 488
914 955
213 648
569 547
567 120
742 561
159 844
367 22
6 200
581 844
51 977
362 754
764 208
572 513
135 381
512 508
163 588
828 874
741 7
694 903
109 349
897 423
129 989
42 278
977 241
895 716
378 398
643 800
995 277
25 653
821 177
535 871
555 109
114 279
231 788
890 404
119 42
726 246
782 260
815 385
95 973
610 394
631 765
701 317
773 976
703 403
429 538
363 282
554 193
773 81
539 319
126 527
914 313
164 296
136 106
49 664
847 819
550 492
314 524
624 490
888 617
575 907
525 162
818 940
467 102
749 644
753 577
315 170
175 701
600 204
267 271
140 23
188 779
26 90
634 311
897 999
729 537
905 931
288 849
201 144
44 179
594 873
166 854
819 520
914 780
607 681
59 988
727 494
214 745
119 676
693 629
436 706
309 380
760 99
719 769
189 790
686 442
423 370
842 732
129 799
556 98
777 923
202 735
394 173
932 941
684 190
835 540
484 980
507 413
489 634
807 128
132 392
896 874
464 424
392 213
397 604
822 412
561 623
655 237
33 648
165 337
904 223
86 189
577 91
222 301
367 716
502 45
640 632
790 686
187 967
152 770
210 623
943 117
529 481
257 550
249 92
359 419
680 994
822 15
723 836
526 289
505 443
861 174
734 196
718 806
847 495
596 45
709 266
177 169
737 977
884 244
300 817
874 346
324 191
383 668
131 729
184 542
943 542
953 538
550 980
870 113
504 330
552 760
715 868
202 945
305 440
750 538
573 783
794 716
229 41
856 16
199 707
498 58
741 462
284 641
160 927
266 263
341 833
363 777
459 314
725 929
782 418
518 120
95 871
907 611
70 547
133 918
803 850
22 710
955 895
617 396
545 255
877 678
967 192
754 271
147 839
616 308
134 707
818 560
856 191
553 293
56 267
476 620
26 431
243 991
652 687
999 576
215 894
209 940
653 851
880 39
843 173
865 469
701 71
446 930
679 497
338 318
691 254
344 979
940 551
870 928
68 506
16 85
432 485
340 758
503 35
833 478
225 306
79 139
357 853
952 407
194 16
504 358
270 743
879 289
805 654
765 743
741 256
712 26
224 724
777 578
304 315
927 780
786 656
881 534
807 362
241 439
422 716
557 383
941 736
102 676
124 484
414 606
726 259
103 842
200 710
627 372
20 270
886 707
337 646
428 731
13 707
281 928
221 864
976 475
425 363
322 229
51 289
198 592
542 223
665 881
962 976
946 526
621 400
308 295
269 140
881 188
554 234
772 37
477 809
62 477
464 956
563 344
392 29
286 977
947 57
331 102
536 736
776 143
796 210
84 236
948 405
571 722
643 161
899 203
86 613
136 24
514 398
164 235
700 421
149 665
26 212
11 648
322 843
787 751
520 914
79 73
795 264
136 923
767 220
73 32
326 914
349 467
721 456
675 479
968 339
316 222
978 116
10 418
766 495
894 32
319 269
266 155
216 994
704 485
825 648
73 659
680 389
508 729
276 80
812 130
813 215
337 38
79 30
837 721
642 961
57 359
440 345
3 777
501 944
474 322
550 835
973 98
610 832
48 317
642 739
811 216
171 185
725 626
906 188
825 68
736 54
256 473
221 668
794 841
835 383
88 536
548 856
364 829
166 263
522 895
708 518
692 387
569 184
199 141
327 88
593 322
339 630
446 318
618 791
820 495
235 697
916 570
496 43
182 820
9 866
843 202
407 38
222 21
402 482
400 187
504 772
298 679
434 979
752 90
292 501
520 848
724 464
842 39
734 233
240 669
224 370
150 110
439 620
687 189
72 934
328 304
370 695
961 894
175 638
932 411
541 953
512 925
106 28
694 437
763 998
747 285
880 698
292 536
756 101
280 960
44 105
739 282
819 809
345 670
253 61
536 305
358 197
205 442
105 254
380 928
445 764
294 554
580 105
375 895
233 834
869 518
740 974
48 729
836 258
597 835
949 45
683 748
798 962
927 762
199 339
574 869
26 775
69 250
986 213
414 602
53 314
652 934
670 427
378 133
90 305
313 534
276 654
359 47
448 379
640 633
716 172
899 980
536 570
403 517
904 62
333 892
961 51
874 884
620 272
60 319
653 814
236 71
430 409
52 651
827 519
421 378
226 522
212 81
253 699
736 603
369 650
478 500
889 435
620 69
697 820
698 634
37 396
717 229
796 687
858 836
345 943
228 489
921 138
119 869
528 100
414 329
370 445
316 308
461 978
408 226
444 736
690 712
894 120
72 15
743 255
236 770
557 120
963 289
358 309
286 22
987 167
662 477
797 698
524 470
690 554
567 781
586 619
272 735
459 479
997 83
621 615
33 390
569 308
271 900
494 55
209 197
146 302
309 226
482 853
99 274
320 709
816 762
928 260
113 946
204 79
564 287
696 911
324 816
365 220
868 181
249 451
322 305
471 964
513 600
554 100
147 838
80 483
946 506
48 769
801 453
625 57
218 625
950 806
180 160
412 337
622 734
740 308
776 684
351 844
373 900
598 327
676 928
258 250
153 976
425 859
377 50
236 275
473 583
148 733
174 546
394 697
628 409
287 266
749 587
757 64
406 140
45 836
562 110
931 831
714 437
905 568
989 109
292 227
573 366
956 346
529 623
318 871
600 308
658 503
767 136
876 578
55 28
672 237
955 18
666 163
23 994
923 560
24 287
789 213
704 385
686 273
779 465
854 887
283 782
414 52
197 972
551 685
479 726
36 588
262 120
615 298
116 255
35 706
967 722
72 265
846 245
205 211
78 355
206 852
690 929
233 794
108 930
163 547
813 138
51 514
12 772
611 23
642 655
579 248
229 959
723 283
579 137
217 968
335 545
570 588
293 291
756 823
830 26
249 479
298 739
268 615
622 920
387 179
84 271
1000 752
288 284
222 117
170 720
464 957
360 766
297 471
361 928
782 874
319 214
867 350
59 675
465 898
734 436
698 720
93 154
221 453
314 729
558 828
377 191
469 663
921 633
286 402
896 610
605 144
131 643
975 2
443 149
779 287
620 947
625 835
656 497
270 849
722 110
7 18
476 406
970 608
699 162
836 9
289 986
329 230
91 466
323 160
468 634
525 947
285 398
582 684
96 443
821 727
183 695
67 234
5 160
78 494
873 806
30 269
893 315
344 768
328 621
933 706
78 537
728 28
428 696
233 528
493 203
579 869
809 218
360 941
942 437
974 572
473 82
436 322
991 240
424 650
563 409
601 846
527 114
551 328
442 882
630 451
278 468
613 543
999 570
784 553
4 695
652 624
672 414
231 285
354 556
934 818
717 642
792 871
723 573
64 862
579 673
664 403
583 217
877 444
532 873
257 585
349 227
666 295
386 770
652 342
246 176
800 417
158 407
433 136
278 973
576 216
461 634
723 795
710 119
728 186
16 15
89 591
453 214
221 90
645 744
939 78
16 158
614 502
740 821
712 447
121 463
35 27
720 785
756 247
41 654
794 468
7 481
414 509
91 272
951 142
112 789
295 426
227 151
348 897
11 115
564 334
208 355
306 828
183 454
918 543
869 227
543 358
431 952
328 683
793 423
74 526
177 954
569 392
346 19
670 142
618 711
15 479
716 376
39 485
762 522
484 820
345 202
147 956
664 338
632 710
482 309
191 399
949 383
937 287
904 80
47 204
251 353
198 296
625 28
329 559
751 564
240 254
776 106
191 621
438 714
536 682
114 618
939 615
762 974
959 616
659 237
984 124
32 857
14 345
37 216
26 363
196 575
718 860
369 649
278 77
481 215
842 88
861 172
862 415
331 725
179 403
819 328
651 387
106 238
955 9
629 210
251 363
500 922
282 341
842 397
951 125
21 232
277 94
997 751
465 406
393 625
265 350
182 85
954 178
632 72
738 683
984 837
402 528
737 403
756 489
573 781
564 676
12 515
198 942
57 414
389 423
746 338
342 393
869 927
367 814
519 221
428 610
836 359
255 777
751 916
231 524
503 47
307 960
414 548
697 72
347 451
989 944
21 910
826 675
982 651
561 134
543 926
53 398
682 62
645 74
71 168
563 465
189 812
433 532
472 78
860 929
226 69
609 383
800 156
820 343
571 859
458 48
370 141
706 330
785 89
5 606
923 247
581 511
212 118
430 37
142 409
715 361
218 771
316 404
652 286
230 374
399 975
597 758
943 990
286 439
694 48
328 329
914 688
598 380
337 397
762 422
528 50
532 701
509 135
534 120
628 323
497 711
150 369
98 725
413 961
465 745
349 183
145 919
495 197
923 672
73 973
310 250
183 360
998 183
638 926
569 629
314 344
261 319
814 549
66 603
61 286
811 865
211 833
663 239
821 158
826 366
167 26
738 335
375 215
552 721
893 278
803 530
552 786
427 262
609 601
488 376
34 700
518 394
782 303
730 228
514 985
768 457
952 22
31 897
706 29
943 344
178 994
181 733
476 707
777 510
104 31
800 73
86 362
415 608
642 732
207 101
820 299
281 649
473 896
438 690
455 752
83 321
715 574
253 753
754 610
667 57
335 479
340 455
801 691
737 829
130 389
538 262
331 524
278 117
351 577
343 593
734 142
516 465
461 550
596 103
463 424
984 705
137 39
865 66
961 465
766 386
509 171
954 264
993 230
997 726
154 848
764 679
124 582
108 590
823 126
691 559
825 406
673 593
176 23
379 624
474 292
480 765
278 544
816 71
693 399
362 753
173 193
932 549
811 828
544 849
779 218
777 23
293 898
350 717
66 284
802 392
863 625
459 375
480 842
104 317
933 579
777 175
336 137
651 706
925 511
428 772
233 535
990 543
384 575
649 485
83 801
484 736
125 754
712 759
196 424
191 507
861 643
735 254
408 959
11 955
959 998
636 849
381 874
1 816
862 247
832 294
575 726
562 755
523 891
901 883
657 717
805 93
438 670
663 372
412 521
507 653
970 239
719 424
938 577
832 196
545 737
328 419
606 26
681 481
409 166
533 549
633 382
408 490
304 267
50 867
733 62
555 962
836 825
859 584
596 553
444 734
581 11
597 187
70 735
180 948
998 219
385 232
777 702
25 129
443 37
642 816
20 908
172 199
90 840
510 549
573 857
150 650
315 572
836 509
203 552
699 943
919 982
186 726
6 469
281 762
344 506
289 199
956 689
665 668
284 350
124 157
87 267
824 315
806 511
720 124
762 523
676 771
302 686
412 58
674 837
325 931
626 74
679 212
592 70
901 106
575 391
743 993
636 151
85 151
142 70
308 415
93 391
303 970
852 623
528 877
32 124
786 45
860 990
916 984
957 180
78 903
866 142
4 129
957 37
196 937
13 205
516 228
928 690
303 772
767 291
52 516
19 693
594 663
900 746
84 917
434 836
577 284
870 955
762 272
357 604
84 772
56 886
698 632
310 322
3 374
791 241
336 969
707 746
444 412
852 257
672 615
50 775
287 54
344 536
862 702
171 537
805 5
408 640
785 585
145 938
349 650
225 388
140 747
289 679
461 929
395 319
234 365
418 116
203 758
185 871
37 182
464 218
447 483
929 352
786 683
713 409
146 522
733 966
627 127
167 992
134 235
10 45
998 490
512 423
569 314
897 371
522 64
560 403
9 147
137 422
485 414
797 486
180 460
110 5
124 161
949 432
454 630
510 946
318 193
235 613
808 715
260 90
961 499
467 630
204 815
96 928
351 168
213 215
855 520
630 264
758 381
830 862
27 159
692 155
195 837
307 447
753 539
239 952
4 357
501 125
516 216
170 191
213 922
839 826
363 5
970 39
314 707
405 692
26 255
154 40
66 716
68 485
110 792
862 267
24 579
957 525
376 86
71 834
474 559
770 16
55 30
684 686
758 987
101 460
121 390
361 407
896 422
54 978
444 646
778 356
943 684
175 790
566 490
628 98
525 572
471 44
788 466
171 432
465 147
629 818
413 147
15 707
556 37
918 708
962 460
893 164
967 605
751 58
24 221
651 840
670 180
817 544
90 34
916 348
811 14
26 970
43 920
48 626
468 603
15 22
935 225
385 781
482 267
544 754
872 159
670 342
143 498
296 71
511 660
900 223
646 495
613 872
661 738
131 299
459 918
651 610
113 271
117 335
815 130
674 734
622 760
643 277
388 501
529 430
342 675
326 100
737 707
476 401
773 555
279 182
753 120
642 374
917 560
918 491
583 277
272 191
936 214
832 903
740 816
174 186
693 970
340 678
272 206
991 897
282 283
247 465
839 717
201 329
920 409
297 53
305 283
822 256
401 996
760 71
7 12
634 608
998 193
33 753
34 170
418 77
974 110
456 845
525 544
432 881
426 534
492 833
328 802
684 71
775 152
689 351
161 134
241 336
207 461
618 350
761 986
82 531
198 657
329 838
592 972
736 879
941 995
34 705
329 727
904 295
817 814
88 650
269 253
806 178
161 988
938 10
562 546
631 139
557 804
79 177
910 778
648 187
633 611
356 522
340 151
88 936
325 965
38 490
62 508
714 823
198 236
364 252
183 600
972 451
829 70
62 396
161 782
58 930
511 204
880 241
719 344
23 209
26 55
120 838
749 302
914 614
353 960
13 19
775 824
307 736
512 912
289 553
970 672
475 322
348 204
441 470
59 899
436 607
733 223
970 563
439 852
975 262
462 495
910 835
582 492
293 835
111 972
702 737
7 521
375 971
656 765
875 515
414 157
141 891
437 36
315 584
979 545
985 988
440 487
217 470
381 485
450 192
858 197
143 231
882 255
846 930
559 39
851 840
360 237
712 386
364 653
203 777
186 553
317 257
962 214
817 761
176 494
469 70
414 601
695 760
578 486
887 144
198 415
149 676
899 584
795 875
354 249
800 3
269 320
731 573
311 709
729 12
857 71
992 746
517 315
460 636
136 282
66 967
625 380
539 140
670 874
527 999
24 973
678 337
465 968
340 504
912 137
549 204
198 865
719 316
850 445
633 955
830 767
597 720
710 81
178 382
72 965
399 794
581 279
872 812
634 343
192 430
157 724
983 616
326 985
771 892
261 662
743 104
391 23
250 719
884 2
480 344
448 742
513 326
328 924
221 786
542 987
51 924
12 430
471 11
312 496
245 874
394 250
821 305
381 378
509 805
479 925
578 497
11 383
506 541
896 7
346 66
592 886
403 249
47 686
319 949
432 615
15 396
623 91
327 366
368 613
936 844
228 497
394 431
807 49
125 706
523 454
604 747
950 539
995 190
812 536
657 985
89 47
34 632
810 9
259 261
740 330
891 604
982 283
749 4
791 739
630 265
668 110
887 410
815 233
813 825
14 392
689 682
190 585
54 998
326 121
267 49
37 250
442 522
64 8
46 136
201 993
827 917
3 183
995 715
321 520
178 403
617 794
328 508
645 669
196 307
969 117
698 541
767 825
348 918
258 394
921 250
480 6
7 261
780 11
107 281
235 492
386 486
965 146
254 171
864 107
205 285
477 472
873 499
67 324
853 813
569 522
254 849
550 839
995 651
410 642
223 734
777 582
461 213
464 199
228 800
543 427
926 33
397 813
234 465
447 151
985 532
821 390
536 10
702 411
613 36
137 449
356 211
753 417
971 502
886 711
137 82
873 984
295 624
755 476
502 847
804 813
810 90
441 533
407 312
653 512
454 893
330 807
296 363
435 251
309 424
622 782
494 765
26 399
868 394
909 376
583 97
431 148
948 482
154 602
19 526
140 266
801 704
287 437
921 523
39 832
634 58
517 356
398 737
348 852
274 595
986 521
352 287
225 7
926 935
502 469
412 965
435 540
442 256
559 153
264 406
457 837
205 735
139 177
983 528
784 170
345 996
439 194
996 653
963 476
984 993
459 452
415 369
770 356
390 413
854 918
197 941
589 411
993 966
45 361
600 672
432 882
418 189
241 454
909 259
349 771
903 732
508 52
169 754
59 546
320 866
392 431
267 529
363 836
308 195
60 892
426 114
246 531
414 979
623 147
510 888
677 873
94 470
26 862
99 444
9 900
532 304
146 23
402 889
351 82
722 866
796 509
368 113
563 410
583 807
454 857
274 242
63 730
773 987
597 135
70 777
623 599
2 489
916 949
829 468
235 987
810 483
739 475
922 729
356 873
710 328
801 748
966 230
288 537
40 106
649 560
780 286
999 874
487 432
508 839
281 887
936 36
205 993
426 990
912 61
110 870
248 235
124 902
805 927
577 592
101 434
283 941
897 937
699 485
718 259
646 556
495 142
257 880
799 70
555 41
367 448
208 471
957 790
454 603
564 300
124 881
478 534
19 527
479 555
500 726
896 141
281 591
546 197
215 978
177 57
475 769
81 394
445 617
673 206
52 317
555 174
342 66
234 715
977 865
172 517
85 292
967 842
548 888
678 827
716 458
845 298
42 41
541 17
433 668
240 290
276 650
462 42
319 596
252 537
473 220
311 708
739 25
502 81
730 508
587 93
382 555
369 940
888 940
951 691
139 684
494 804
395 919
325 218
183 812
991 661
773 610
207 218
672 667
13 429
988 445
107 684
553 136
516 260
165 754
370 836
315 205
387 328
411 920
300 927
441 603
452 866
182 415
202 329
331 679
615 975
581 203
676 81
474 585
374 203
71 82
824 959
885 469
328 14
69 631
112 677
650 711
667 559
462 89
239 134
943 650
180 906
788 329
499 212
361 226
46 523
984 840
162 28
932 744
301 220
993 526
375 942
778 544
197 758
208 447
712 193
641 219
266 256
363 780
953 74
864 635
518 589
595 765
427 287
656 791
507 45
722 520
655 257
470 258
203 133
442 983
539 559
939 265
423 952
263 851
492 221
866 334
60 505
373 878
835 601
937 36
1 973
184 453
94 200
494 742
389 538
583 124
108 28
625 142
199 887
511 929
745 961
283 440
434 125
218 671
93 257
700 303
774 994
335 452
616 614
800 381
278 273
325 190
587 167
774 893
60 61
357 749
118 80
340 285
27 158
445 288
16 581
741 887
739 474
840 408
954 384
202 365
277 157
985 251
980 348
818 339
220 89
112 626
42 873
573 475
906 766
484 454
267 40
301 579
508 476
723 419
686 277
428 253
159 383
200 100
2 678
612 937
25 895
957 862
135 390
486 414
765 471
794 557
466 618
342 313
732 369
119 393
247 372
506 227
363 859
385 609
378 778
601 555
656 996
752 649
539 924
787 378
938 242
441 826
798 74
691 982
507 201
644 416
691 583
490 780
833 234
653 575
105 647
532 396
183 888
80 451
597 226
865 554
424 432
758 351
226 100
333 768
939 16
377 496
984 136
252 944
383 142
990 98
957 107
246 146
619 916
782 878
822 811
307 266
625 315
240 999
97 866
174 101
123 562
568 677
353 904
370 829
41 875
961 906
466 488
454 329
885 27
525 410
910 408
106 146
144 507
72 794
202 641
443 169
653 310
638 332
710 809
440 913
780 191
782 388
881 890
715 850
385 129
941 396
730 609
72 75
686 878
935 754
628 64
573 705
375 993
690 543
915 37
489 358
721 947
975 578
635 661
10 16
85 700
394 179
785 465
767 748
4 566
828 864
158 315
967 579
803 674
592 831
419 685
792 145
557 495
691 901
964 503
142 847
954 685
647 642
299 272
110 763
618 638
638 629
402 27
82 819
781 541
105 722
422 791
807 841
248 850
304 996
726 123
964 804
913 318
307 219
491 342
237 358
790 644
130 934
299 591
781 511
820 411
752 369
847 578
839 691
959 996
619 995
583 68
344 195
919 198
924 376
70 40
343 371
799 976
921 486
499 526
410 508
870 515
77 542
945 472
856 205
139 22
268 75
290 488
272 14
734 210
662 799
193 524
110 871
914 612
440 847
550 130
427 571
652 176
395 57
260 239
605 240
555 967
148 503
679 949
314 987
477 381
392 929
840 319
568 782
366 559
292 950
877 14
44 215
78 41
871 226
750 913
825 574
102 948
445 80
309 326
129 224
968 161
437 34
699 819
741 468
34 942
399 154
834 713
263 571
780 743
989 823
114 83
323 485
18 269
346 910
740 114
833 432
265 444
160 198
89 160
341 655
489 926
473 1
695 762
112 14
293 278
223 213
226 859
208 818
138 517
503 357
434 428
345 127
364 941
236 247
277 851
133 415
562 515
856 284
178 824
490 614
865 594
957 34
491 399
108 72
455 744
378 834
629 595
154 467
762 172
600 63
874 418
13 428
508 868
453 37
594 549
480 141
867 491
961 626
88 450
384 451
93 79
645 712
93 992
738 503
577 563
887 794
249 674
989 294
992 118
550 511
31 463
769 242
239 168
759 801
299 36
537 255
721 874
258 1000
9 438
506 936
879 489
316 449
578 516
261 696
51 700
829 885
846 781
375 207
301 744
693 230
408 733
15 398
532 36
293 552
702 332
500 323
925 51
565 988
327 505
671 548
648 904
521 158
192 516
805 131
359 936
415 874
713 986
218 344
238 799
369 156
83 986
817 884
433 703
30 619
342 841
157 921
721 464
450 742
271 500
679 475
682 461
978 804
460 531
208 572
212 412
322 556
861 633
866 145
633 650
939 583
981 320
486 742
412 733
92 553
610 170
368 656
193 426
853 690
447 878
250 412
124 948
321 89
461 574
300 892
500 223
220 171
308 87
961 719
819 729
586 244
783 946
509 131
607 606
132 980
25 92
851 232
284 831
522 942
197 25
82 486
689 86
316 618
413 846
306 670
957 724
112 495
392 599
229 486
394 13
509 854
314 807
849 153
232 165
627 92
555 459
764 835
360 9
33 421
473 302
792 182
425 435
171 83
343 711
626 73
422 416
578 266
473 456
660 868
96 865
759 510
541 39
800 879
657 554
584 534
570 585
903 375
539 522
744 988
598 43
749 85
795 853
778 525
255 365
950 775
956 832
169 114
188 314
481 288
818 673
946 362
305 626
412 690
970 776
572 400
844 653
810 269
649 905
961 879
505 27
53 817
481 2
305 860
457 105
975 235
957 332
465 534
961 905
13 500
438 835
577 729
795 270
174 185
325 587
819 644
331 211
54 659
622 947
168 498
480 36
211 436
619 467
124 979
50 970
713 26
551 333
145 998
131 535
906 837
163 134
951 161
989 366
763 52
251 577
474 288
491 717
457 566
370 337
298 754
345 565
785 816
950 490
99 994
280 136
152 158
674 488
988 712
191 35
431 528
969 632
968 868
273 594
346 56
661 335
651 873
265 54
692 363
910 678
68 717
790 968
518 475
189 463
155 707
393 218
639 939
52 121
803 899
256 590
510 969
556 697
26 860
152 527
901 131
904 185
455 292
136 3
160 328
673 364
570 732
648 190
668 33
835 528
878 662
2 487
184 510
246 76
853 476
912 386
735 920
131 38
464 813
187 75
35 450
4 463
596 161
979 283
546 970
66 640
982 914
641 998
968 175
272 15
827 991
295 797
520 805
724 77
248 382
430 208
568 561
537 678
650 975
995 519
219 956
609 244
700 165
872 834
296 656
505 627
713 54
828 705
817 80
874 3
231 642
894 70
287 892
25 133
444 841
656 353
803 402
510 478
154 594
674 413
712 88
896 143
440 379
42 723
704 748
780 529
927 962
197 673
915 778
347 220
702 454
59 576
927 924
709 258
600 988
285 30
893 361
342 465
466 324
596 956
304 438
544 607
85 433
413 378
932 594
829 562
622 956
597 470
778 272
854 495
285 800
622 123
685 114
384 543
151 923
308 374
88 339
338 785
299 541
769 797
733 381
540 524
451 963
195 877
217 293
278 356
193 348
107 242
549 919
259 89
745 884
353 7
942 425
951 924
461 537
207 85
400 975
572 45
674 995
836 906
505 670
839 513
955 12
520 575
707 639
67 732
124 539
162 312
415 158
897 907
849 402
22 276
614 146
120 178
984 987
417 695
825 601
291 277
720 641
560 218
906 826
618 96
46 521
124 761
586 514
551 532
954 46
851 410
599 776
232 330
538 720
222 598
915 65
449 67
436 963
461 272
355 789
489 386
310 607
545 406
138 964
103 940
454 618
458 633
39 676
596 839
99 361
851 982
899 536
386 637
778 647
798 706
655 127
808 606
277 773
848 962
549 524
74 267
900 5
39 635
976 363
959 570
874 850
601 58
965 569
731 163
559 241
66 550
141 56
587 200
951 619
511 48
41 252
671 632
164 523
72 518
953 899
348 883
611 815
577 323
962 889
466 258
331 695
861 139
148 586
502 988
942 52
203 300
297 693
338 91
324 126
90 712
839 741
921 104
79 144
673 735
799 139
529 915
128 852
129 13
183 246
42 998
41 713
979 783
98 797
526 162
889 638
927 868
58 255
115 450
603 425
34 100
401 687
85 887
370 12
722 313
394 454
599 925
323 158
342 430
860 431
418 374
353 573
812 330
280 331
731 442
788 163
632 549
464 375
742 542
623 233
384 552
394 721
948 314
270 68
352 871
350 790
332 261
425 253
373 735
65 134
728 450
363 409
914 43
596 463
582 547
799 868
393 488
472 47
518 568
668 77
416 694
865 409
494 883
649 904
231 324
71 287
978 555
745 844
504 862
982 631
179 838
390 596
728 941
305 940
947 333
72 945
549 922
399 814
98 765
83 19
709 459
893 574
766 308
88 443
509 803
106 613
960 865
942 195
525 489
50 971
859 611
179 661
680 366
524 39
428 76
893 768
920 677
197 793
401 984
788 668
699 75
548 316
16 997
727 88
521 648
168 672
263 307
430 736
414 165
533 433
720 472
662 415
441 9
834 663
954 870
487 806
401 651
704 816
392 338
690 895
103 790
142 674
20 186
607 293
688 356
343 993
38 802
593 409
406 966
462 962
428 694
20 408
60 605
460 231
65 241
268 946
490 878
249 413
596 750
43 678
429 641
375 893
375 325
855 607
17 263
550 171
957 171
868 474
930 248
325 961
75 230
520 121
653 771
967 423
577 990
297 305
409 399
173 414
959 707
72 719
144 172
400 198
364 271
721 165
28 470
47 362
196 592
624 155
897 531
109 733
795 380
690 106
598 611
983 723
534 219
6 608
723 142
575 471
687 299
430 832
434 703
453 353
880 979
535 231
921 183
500 908
988 105
36 302
913 737
96 17
847 166
61 658
537 112
663 752
102 938
604 40
676 877
383 855
189 814
464 243
154 595
998 855
916 67
722 366
280 229
245 771
216 739
129 739
252 225
768 74
55 518
223 416
629 685
360 66
413 456
531 733
271 990
328 544
190 138
402 348
215 466
782 462
508 600
170 94
542 462
85 289
216 432
507 243
950 563
165 345
494 495
942 899
925 335
464 723
83 161
691 257
208 707
652 812
670 573
735 217
256 841
408 992
249 266
226 42
62 412
340 38
13 200
107 245
342 636
866 122
446 910
822 785
752 125
97 168
482 994
178 491
72 634
714 9
966 259
936 3
645 677
278 54
941 90
491 769
519 625
885 209
908 40
177 50
491 926
407 628
747 353
305 214
487 682
128 841
956 403
253 105
626 709
607 794
506 839
694 138
493 459
167 782
831 487
547 948
169 702
59 766
511 979
962 485
391 727
489 717
508 127
972 782
884 450
940 300
483 299
194 138
11 448
837 948
885 984
907 522
808 801
761 547
711 45
812 645
597 489
265 523
798 688
240 306
4 957
389 869
982 428
860 776
610 983
36 706
601 136
428 924
766 864
972 289
442 820
779 194
378 898
765 886
787 908
444 121
541 389
155 246
122 399
487 181
434 3
352 664
435 324
545 563
183 781
207 187
448 794
287 243
770 203
75 541
757 73
729 552
876 329
969 121
899 258
405 469
849 229
504 400
605 54
418 832
76 804
301 179
921 111
225 330
907 140
603 541
803 79
456 98
171 649
300 51
692 422
983 878
784 352
180 617
107 571
438 417
594 75
632 106
234 330
115 329
120 429
447 2
980 882
858 359
162 174
128 482
846 252
206 863
869 37
997 112
266 336
198 799
54 275
129 968
648 584
521 478
150 806
648 285
963 945
986 114
843 551
298 80
65 891
768 336
753 310
898 943
207 773
99 388
28 551
322 253
655 45
627 666
961 466
966 101
882 884
95 97
833 152
151 666
930 734
236 57
103 726
754 442
972 325
574 145
827 993
189 109
729 72
838 282
930 817
680 644
375 184
984 58
197 307
127 182
519 778
773 534
150 121
779 985
541 538
1000 804
602 536
949 792
459 302
644 773
334 743
305 931
892 865
143 856
420 500
794 217
528 389
451 470
487 268
372 785
524 81
481 909
233 274
965 225
641 299
722 581
755 579
447 755
37 687
367 424
929 449
68 11
771 598
858 5
980 704
512 326
238 302
689 338
103 640
640 186
842 816
699 921
803 5
786 639
143 142
624 362
426 126
281 657
800 687
543 681
503 124
675 297
741 224
431 368
747 915
147 937
424 738
811 510
5 75
647 524
533 971
913 418
108 306
952 56
422 172
563 414
236 142
751 537
302 481
32 197
490 513
87 673
189 113
65 387
787 964
754 561
312 548
888 515
61 183
465 854
605 442
623 817
681 90
130 496
314 533
222 890
614 680
248 273
925 863
359 7
72 607
272 1
606 28
663 79
26 48
905 787
473 152
582 37
322 935
680 45
607 498
666 448
760 283
671 849
289 650
586 187
89 961
608 863
511 446
480 450
125 296
788 706
440 944
202 563
258 737
449 806
67 371
529 602
427 875
708 392
38 643
37 980
591 349
115 12
55 450
744 444
797 686
376 992
214 448
270 598
346 248
94 890
116 994
323 200
88 659
123 932
138 863
211 895
327 641
665 614
540 534
560 380
190 139
742 596
122 581
539 726
887 254
526 976
179 295
535 898
835 464
618 992
13 916
490 835
345 124
553 679
189 179
515 639
934 119
919 257
962 870
196 948
116 835
244 532
425 982
635 333
965 724
913 57
326 22
952 929
573 15
701 58
884 262
544 251
196 550
398 562
240 802
314 553
131 917
244 644
304 463
247 673
642 315
936 4
22 89
996 924
745 660
482 594
399 865
790 82
495 968
429 74
407 918
106 233
71 661
883 435
922 253
281 243
836 795
177 386
402 643
923 733
654 863
508 299
911 614
793 179
324 469
366 808
147 355
409 625
497 478
986 381
604 188
987 44
401 705
842 761
864 785
828 948
741 501
746 509
822 158
401 594
974 325
670 66
266 268
406 796
925 48
858 85
252 484
933 517
38 875
275 167
377 525
375 494
252 347
204 394
551 43
777 122
209 616
48 938
123 494
57 972
994 375
223 91
43 737
374 221
726 934
268 714
565 364
736 930
75 208
191 156
296 896
153 702
425 929
647 890
27 149
360 650
911 641
770 567
131 211
938 737
317 228
705 155
338 420
600 111
193 431
670 843
286 668
1 540
878 942
149 652
351 618
500 176
290 934
804 424
823 476
899 500
920 794
297 554
745 624
780 433
888 392
19 884
624 386
533 968
2 896
331 980
678 732
694 373
202 587
276 470
224 911
442 58
25 210
312 37
335 949
158 918
618 66
542 843
194 973
380 992
826 134
774 110
669 348
212 793
759 725
786 939
894 600
346 978
185 464
566 494
894 939
806 313
934 322
38 151
223 153
844 91
312 956
574 948
260 36
338 836
321 50
971 214
401 122
973 522
748 782
969 591
308 735
519 792
114 602
620 336
473 905
455 745
580 998
905 532
304 681
70 960
416 551
274 573
993 307
615 732
687 51
822 550
487 41
515 994
843 465
148 761
477 115
505 566
415 991
378 744
165 694
296 827
526 793
173 235
162 668
754 974
956 374
387 953
548 88
733 68
755 692
993 255
7 501
210 3
33 538
361 117
879 735
426 571
172 75
649 713
529 526
767 906
400 582
989 412
58 46
77 194
594 137
557 184
30 200
656 663
451 21
551 990
863 856
993 586
99 999
379 343
100 596
487 800
273 630
203 517
632 357
638 671
824 439
552 870
350 583
276 814
775 436
178 716
368 674
169 919
665 570
890 555
392 178
449 423
33 160
181 792
368 778
347 512
574 961
173 984
542 355
138 621
123 57
70 608
289 399
208 729
48 882
596 674
70 755
486 563
532 428
610 924
443 559
378 72
9 764
353 286
260 830
706 282
501 142
13 162
30 832
643 375
368 253
701 21
403 974
337 100
710 333
624 14
1 555
787 564
383 63
390 935
211 134
429 835
800 441
253 543
165 993
121 245
214 938
146 975
14 534
392 982
945 190
709 429
305 95
515 252
165 571
512 918
784 139
714 324
1 151
76 877
721 608
370 398
229 132
962 842
926 305
214 743
968 455
751 452
519 322
334 188
745 251
290 775
638 78
819 816
675 696
902 473
25 827
635 708
564 712
121 674
640 232
509 756
146 545
485 309
774 167
722 364
190 430
362 623
825 909
271 422
846 821
725 940
450 218
968 899
272 906
517 976
419 845
830 361
695 577
4 820
579 184
838 935
160 218
364 794
401 288
959 813
63 376
928 223
471 903
330 745
446 160
136 34
908 640
235 668
922 997
255 337
200 937
288 348
786 439
36 682
917 815
536 690
908 998
201 73
378 991
605 620
736 741
294 753
98 494
852 187
397 248
274 517
66 402
639 226
343 929
770 229
511 83
495 602
795 346
652 193
879 960
520 595
391 252
909 895
270 273
520 546
650 625
525 303
547 203
140 787
362 911
773 143
673 112
927 252
552 738
92 171
462 174
837 271
883 65
205 85
426 386
854 490
640 244
146 517
404 445
492 534
479 808
601 722
854 300
466 677
565 951
694 837
782 344
642 672
711 198
511 616
893 333
546 763
462 824
800 839
28 774
783 6
531 985
345 46
790 870
78 712
865 656
113 139
482 507
839 124
479 381
248 765
635 507
174 741
965 550
468 2
145 33
934 227
972 434
265 920
786 298
736 641
884 569
395 950
154 860
301 320
374 670
288 162
805 560
443 316
849 832
25 262
832 946
999 62
250 523
527 743
534 129
438 234
122 143
373 463
551 337
36 273
496 790
894 50
931 4
370 470
280 914
550 889
333 179
686 393
863 871
239 57
561 225
10 121
263 345
871 516
110 483
253 365
938 477
974 311
284 767
325 976
716 730
552 907
332 211
540 552
418 72
158 626
768 163
915 180
320 570
290 868
303 419
216 507
88 530
324 910
143 74
626 58
918 901
714 681
234 927
575 684
679 149
846 702
652 871
140 608
84 417
446 264
692 32
288 166
397 380
400 416
643 636
716 158
274 393
728 237
151 845
9 844
411 171
321 930
774 298
477 831
23 375
800 176
748 158
399 878
127 291
348 524
735 928
402 500
494 886
500 503
469 444
770 907
684 837
406 71
622 452
467 87
175 270
514 388
680 932
49 331
128 614
83 20
49 420
358 174
982 852
568 904
610 287
3 439
334 391
230 116
430 922
344 727
371 190
603 635
305 284
736 88
662 176
223 794
150 388
451 331
410 880
16 984
185 823
332 898
996 999
188 702
500 760
125 213
695 297
642 983
6 86
160 192
963 113
942 970
475 827
955 501
953 20
539 863
734 886
43 108
912 939
547 684
821 21
893 424
720 136
114 443
721 225
207 874
318 49
467 729
801 201
109 116
716 476
574 966
308 205
913 416
308 809
299 565
670 452
692 4
786 193
127 481
398 139
863 61
759 252
445 116
28 156
411 12
815 908
476 558
80 563
942 695
784 689
119 285
658 896
222 233
80 706
710 322
801 742
87 897
74 32
188 56
597 852
433 135
933 370
2 180
520 809
563 973
527 686
144 77
328 314
990 268
295 750
615 929
746 784
838 192
235 285
898 237
601 588
315 389
282 326
301 170
340 560
34 487
568 787
703 85
182 215
392 821
720 105
17 515
241 698
58 80
673 2
680 231
107 517
219 207
347 50
20 916
537 230
702 744
725 841
686 449
301 989
251 734
987 194
115 447
561 809
559 802
751 10
807 292
664 721
792 67
727 13
87 146
627 393
574 640
132 371
685 537
758 820
419 989
242 232
707 398
605 935
436 184
554 487
479 122
612 62
484 652
503 352
587 373
860 807
888 468
386 516
702 6
575 284
264 248
571 985
900 45
353 456
190 709
999 593
112 49
57 17
532 679
239 797
97 828
406 412
335 494
62 530
874 540
106 930
644 840
168 1
598 531
50 221
782 730
97 740
951 289
148 690
175 439
892 939
404 907
280 665
667 775
483 946
248 13
909 894
488 339
805 957
737 95
441 394
187 122
50 910
115 204
489 7
328 899
817 156
685 953
188 759
787 779
358 291
345 704
6 802
917 166
370 149
809 839
190 504
872 751
300 360
842 743
461 187
797 289
708 140
466 531
642 833
630 981
778 478
281 734
321 409
780 640
143 192
207 397
212 386
449 509
864 736
830 405
739 158
284 41
412 22
621 272
843 794
661 613
482 494
578 288
765 529
994 373
705 974
616 319
393 496
160 453
273 90
293 23
340 214
431 249
895 932
880 451
532 724
737 590
221 725
921 647
774 996
3 790
977 487
269 976
569 466
753 693
351 596
819 318
568 638
945 165
974 606
666 407
443 18
562 100
382 5
771 816
45 971
139 138
921 108
104 552
309 743
555 659
721 687
349 742
764 523
853 990
908 301
629 331
842 569
382 374
720 609
771 639
258 598
405 805
376 939
357 499
432 845
516 969
168 855
268 402
142 737
17 834
270 524
750 378
309 42
937 881
259 797
629 753
