951 2977
584 430
1 215
498 571
115 634
794 141
781 476
837 346
89 436
533 518
298 43
398 649
39 758
544 64
233 404
692 693
931 362
329 175
381 746
760 355
338 73
928 740
138 631
89 110
320 284
618 616
731 555
38 228
314 942
520 717
69 690
838 448
696 751
161 687
398 379
128 806
756 6
387 189
652 759
203 466
140 693
624 203
453 255
438 845
886 154
171 220
140 434
412 655
565 511
162 643
383 842
53 651
69 602
459 89
922 716
939 678
928 763
270 53
441 551
889 827
731 706
200 453
660 559
20 891
720 268
135 90
1 709
234 748
346 361
184 494
592 672
833 873
229 922
85 716
925 559
395 748
785 495
148 940
772 361
440 146
186 321
903 283
568 707
420 579
497 666
295 555
828 871
813 42
950 33
169 724
697 351
418 415
511 174
574 55
595 709
738 767
48 640
450 108
951 358
19 875
24 575
191 263
601 100
473 38
740 679
573 385
571 929
445 152
619 888
133 353
621 916
770 922
603 361
295 917
526 345
211 250
516 648
502 399
621 549
240 666
738 249
893 41
890 371
547 453
907 880
931 866
604 900
347 405
4 850
276 927
292 120
867 281
912 85
126 560
34 729
936 262
257 128
295 342
932 230
407 606
653 290
307 765
345 101
860 279
702 470
80 278
777 432
747 169
643 165
551 823
883 693
355 854
523 741
150 47
360 482
506 726
252 438
454 542
347 39
516 780
135 700
580 514
503 231
802 177
896 577
736 241
897 824
522 208
589 867
839 286
604 884
470 327
456 658
535 811
621 370
298 348
227 78
942 406
339 713
431 88
164 50
789 220
517 423
521 489
247 469
396 115
897 189
877 739
934 613
277 366
170 104
890 571
59 622
137 581
452 900
608 850
664 548
810 469
422 66
207 744
806 668
348 671
455 141
295 463
631 145
543 720
567 628
144 889
127 632
222 446
10 643
672 764
432 369
840 590
605 338
700 848
366 787
663 637
686 454
635 432
835 351
818 189
477 368
544 886
374 311
926 96
767 292
262 169
881 30
865 881
662 229
313 103
701 918
871 330
805 168
316 268
202 305
116 643
335 628
321 301
477 62
857 178
644 471
579 753
746 220
71 672
455 111
554 650
323 450
104 916
211 920
840 670
158 241
159 13
806 525
38 923
380 273
848 275
284 690
918 671
631 103
460 803
798 634
654 287
786 601
570 279
393 559
938 889
633 493
266 539
428 766
340 179
51 589
552 48
421 553
886 537
872 183
943 923
817 746
360 875
343 861
767 144
244 902
262 374
67 730
943 549
487 303
362 607
806 516
403 257
130 467
775 346
455 435
743 301
161 37
566 713
581 369
64 450
599 196
654 401
37 433
257 304
260 462
870 340
286 799
749 232
401 269
22 535
862 82
97 641
399 633
903 355
500 805
451 749
342 817
509 661
19 270
684 773
205 369
522 667
525 841
629 76
714 60
435 126
571 64
865 757
367 946
281 274
275 825
439 122
276 584
904 273
78 596
200 411
451 837
398 912
112 191
844 704
832 152
100 462
925 342
196 492
809 805
77 351
578 122
781 439
820 886
351 75
689 510
204 252
221 682
611 949
226 535
174 736
453 188
486 492
895 501
164 286
187 26
614 423
746 49
173 600
635 341
339 784
232 182
87 407
550 478
163 936
93 144
376 267
764 505
802 932
622 342
230 542
712 284
658 902
492 414
618 348
467 168
171 300
540 486
742 37
236 398
800 737
263 675
255 905
185 307
278 261
686 779
568 289
660 528
863 896
332 643
701 91
846 683
81 72
411 635
176 927
104 332
583 155
923 677
690 821
765 922
415 639
331 441
166 231
204 942
868 72
172 250
525 570
565 483
659 175
643 850
715 577
699 702
688 429
690 385
620 501
489 283
703 848
483 830
10 434
528 758
286 650
399 937
607 286
349 741
576 343
559 475
537 419
691 211
234 752
532 929
539 54
907 110
74 720
401 785
920 648
885 869
544 847
869 806
692 436
877 475
609 227
884 435
353 199
138 131
361 588
214 382
212 374
14 908
39 652
243 103
737 723
584 318
111 648
223 702
403 577
813 277
244 379
407 25
908 546
893 413
915 39
259 669
37 914
10 920
392 467
374 455
356 886
893 195
217 392
882 340
186 303
856 700
209 526
659 817
255 847
861 864
219 301
297 497
229 860
491 496
181 921
770 285
256 448
764 603
511 617
723 240
229 18
484 878
303 426
802 343
752 534
159 822
606 266
318 237
671 769
421 505
679 731
22 367
917 438
601 832
186 160
495 218
210 845
302 464
656 191
379 629
255 272
257 463
558 186
248 546
156 877
765 185
587 19
770 529
700 805
147 594
258 358
596 291
688 4
264 65
743 577
530 859
782 888
876 406
465 170
682 558
59 126
152 449
335 430
709 669
839 451
509 487
221 467
95 83
246 870
464 450
227 638
402 575
699 191
481 255
211 521
831 658
932 402
476 924
365 602
369 212
538 812
685 785
279 110
302 474
768 424
643 155
903 725
245 608
265 175
391 539
936 62
594 81
390 396
708 415
160 834
12 803
696 884
917 783
717 557
114 441
575 723
774 102
796 585
472 835
878 463
275 886
338 42
162 851
201 815
201 354
563 123
377 768
53 17
132 688
776 398
225 920
463 941
484 358
762 147
877 836
42 600
924 448
139 696
488 571
936 708
198 528
477 381
98 457
674 929
343 131
190 306
725 466
800 578
725 530
941 333
109 322
57 95
868 945
924 424
588 534
608 740
398 771
455 893
591 655
226 721
264 291
286 501
201 840
24 644
367 604
315 586
276 556
26 846
915 779
254 557
115 242
61 317
391 518
196 580
378 675
452 187
879 833
128 785
9 610
113 323
105 192
793 494
546 846
229 151
97 30
181 276
872 757
923 787
853 488
656 33
463 132
34 397
198 215
860 334
220 685
521 568
740 449
154 786
853 345
380 638
168 618
721 500
128 569
283 177
623 78
460 34
238 743
693 60
749 431
37 115
457 138
383 859
576 80
704 586
407 410
482 719
653 809
249 808
178 638
307 683
107 909
473 10
678 196
2 381
738 508
762 61
392 32
502 368
530 689
178 26
589 583
772 630
883 342
296 412
480 323
633 259
364 807
456 279
516 850
630 314
337 223
29 673
356 727
655 263
399 868
93 777
728 146
460 629
762 536
264 899
780 97
894 340
383 666
923 228
392 402
400 748
2 848
42 171
244 483
651 808
362 345
713 759
491 698
722 639
549 572
195 261
270 700
664 839
771 685
596 500
707 891
803 201
125 130
180 230
864 489
871 489
150 661
523 592
873 539
417 58
387 296
405 585
706 429
445 55
781 445
504 343
451 176
219 713
626 139
735 641
898 375
319 329
656 254
323 449
659 740
682 719
618 950
394 227
656 722
701 338
594 910
688 936
413 458
246 378
502 912
506 546
285 950
383 450
919 443
562 481
907 688
328 503
474 183
936 587
645 658
45 273
925 101
103 543
433 44
397 62
842 669
721 303
461 33
674 895
503 104
90 374
805 18
602 348
666 831
22 329
886 914
559 103
890 465
465 621
875 210
529 923
774 776
898 368
775 922
892 406
87 329
309 841
435 514
109 679
683 462
95 153
44 925
408 107
257 945
28 198
416 672
825 145
275 838
481 501
755 464
774 668
719 766
77 787
150 719
779 189
925 438
104 318
784 64
692 299
592 19
115 705
497 782
513 311
146 78
702 861
370 474
137 478
946 489
360 324
864 220
922 590
297 558
464 383
143 352
887 919
753 834
165 409
373 550
305 100
608 250
594 729
702 67
813 633
890 822
601 697
47 778
171 641
242 648
519 6
951 527
121 637
585 891
434 793
770 223
523 407
524 287
686 525
87 891
806 314
720 498
439 89
938 735
188 402
155 801
816 37
193 268
431 451
489 259
161 878
187 807
187 746
922 292
634 49
883 391
251 777
659 811
346 498
823 723
898 496
637 266
174 504
179 27
773 187
95 244
902 268
876 78
782 561
198 562
72 429
648 939
404 500
656 849
62 29
28 322
458 238
910 495
397 861
805 577
422 133
59 98
268 416
566 219
767 819
332 134
207 550
282 907
669 781
143 275
638 403
782 649
399 81
704 85
775 474
340 244
513 36
54 659
373 108
617 435
104 837
211 362
865 268
301 219
800 401
397 935
589 520
570 714
58 519
580 640
793 907
432 336
657 393
215 234
384 88
170 719
64 267
449 425
473 35
400 781
366 278
218 22
7 762
836 389
625 308
805 627
609 517
59 458
354 217
355 144
396 680
691 327
698 341
55 592
425 431
903 620
761 69
851 378
217 576
31 817
751 285
662 584
312 119
619 798
514 35
297 627
727 729
402 343
783 440
434 884
218 730
754 111
789 929
6 512
206 781
851 37
9 605
576 899
472 289
399 142
224 636
557 342
425 685
688 139
536 915
346 636
884 669
705 947
499 236
706 492
157 398
779 397
597 268
237 171
475 416
754 416
772 7
522 324
903 65
172 538
726 858
368 171
107 349
309 484
754 563
365 925
4 312
500 625
849 230
334 861
916 170
751 671
578 11
252 134
674 534
658 499
215 847
808 540
884 937
863 62
567 473
117 243
925 92
510 770
412 177
654 432
622 819
492 794
774 384
481 325
636 46
527 723
548 884
97 634
919 222
653 927
668 273
943 212
307 366
535 532
221 396
759 538
814 355
126 838
109 727
22 525
589 882
242 808
331 690
888 341
102 772
344 210
336 444
463 203
733 164
626 478
631 147
185 121
376 775
411 469
496 244
109 720
4 698
539 362
709 664
319 340
410 592
305 398
878 944
457 333
292 199
94 122
740 115
192 569
637 426
519 940
535 896
112 602
352 740
481 541
705 160
444 633
376 159
822 183
474 241
511 228
793 517
918 360
301 358
476 237
140 164
73 869
129 64
165 759
849 305
464 422
620 270
584 375
412 816
703 511
897 91
683 125
214 210
375 1
871 873
342 257
701 60
424 480
315 404
936 814
796 733
139 575
950 710
893 138
251 602
322 486
518 151
850 703
526 642
504 149
485 360
31 449
363 359
843 522
458 740
276 408
800 139
800 711
433 629
530 29
822 562
736 778
880 879
153 598
565 655
70 326
182 731
572 445
385 46
900 334
523 151
746 923
911 292
347 662
3 536
849 101
668 575
763 46
328 62
17 478
62 318
410 747
910 802
533 249
348 607
330 395
501 572
907 476
563 859
34 64
197 756
221 909
370 914
205 670
519 75
410 847
177 389
782 817
288 128
720 745
297 425
647 382
834 151
102 514
178 851
110 931
454 172
389 68
11 708
674 703
251 645
588 793
827 870
42 559
613 340
151 245
279 495
487 171
138 599
638 292
196 351
324 353
827 544
754 576
369 328
931 730
353 185
942 599
912 669
53 393
516 364
294 280
539 5
561 406
249 951
873 684
340 173
594 527
3 663
635 486
766 170
24 566
162 499
649 473
134 78
579 152
47 461
641 759
337 232
650 188
704 273
165 6
796 399
119 437
563 428
720 300
519 206
837 364
710 746
56 687
690 159
738 739
703 631
155 95
945 368
677 675
769 117
738 850
116 501
600 314
585 170
713 125
142 897
366 629
920 385
441 520
246 896
638 161
233 795
824 402
897 346
94 724
846 728
499 718
373 894
688 662
709 154
291 250
363 349
735 32
580 572
427 260
171 798
926 405
536 804
916 893
262 13
463 329
159 64
161 852
733 550
897 597
65 141
837 536
161 111
626 656
255 662
310 71
756 744
80 121
49 646
526 616
362 143
409 320
9 28
263 695
157 321
250 101
308 700
361 647
461 640
834 615
65 789
941 780
178 524
216 359
531 573
922 798
679 754
160 126
70 90
166 132
354 627
498 620
247 508
265 725
130 717
2 694
189 419
705 394
212 671
726 831
358 709
839 244
17 69
449 828
683 520
583 676
659 633
349 324
385 907
795 483
229 318
927 61
278 691
617 861
712 380
783 260
680 389
305 896
77 790
406 162
228 841
174 190
801 912
932 571
737 453
132 631
173 126
832 90
418 272
12 412
646 583
854 826
545 721
50 17
201 624
734 255
853 88
86 515
106 776
164 774
860 555
154 130
348 441
302 176
638 373
736 422
731 687
700 879
135 624
384 352
176 948
695 7
753 4
403 745
667 372
832 559
851 688
201 267
929 14
201 29
132 291
671 864
341 696
488 132
31 284
723 856
937 404
648 406
248 643
411 169
453 256
15 419
681 156
564 76
158 879
582 808
735 229
666 924
611 894
833 562
371 623
68 186
55 167
419 805
900 477
903 501
246 77
598 731
323 759
239 121
926 516
550 606
256 17
285 222
41 171
771 234
870 694
906 119
136 774
726 714
895 650
786 170
130 902
19 182
421 720
22 84
867 352
668 138
543 271
77 510
332 605
98 229
546 554
44 105
97 256
784 550
768 154
893 833
39 592
75 546
19 221
850 945
209 386
229 52
485 597
344 204
402 11
825 916
216 796
233 834
217 581
605 436
626 795
778 25
541 760
477 580
626 874
399 12
22 939
920 360
353 441
638 72
822 403
888 63
518 461
777 197
33 258
140 546
859 321
532 345
259 106
308 200
65 657
265 481
612 174
731 196
514 57
110 131
559 72
494 599
742 435
688 321
670 911
227 607
253 94
327 827
454 833
610 939
310 624
97 15
742 599
201 199
105 402
636 737
694 161
215 717
254 423
679 66
593 389
391 205
153 190
493 653
422 665
829 384
924 557
448 136
365 130
576 719
946 26
413 918
934 193
790 678
573 644
196 775
485 511
933 619
290 767
917 801
699 210
275 145
167 792
885 515
579 754
318 730
693 496
800 344
372 793
148 849
702 267
795 58
778 94
875 232
341 1
179 708
385 69
481 646
926 292
450 46
585 486
553 871
678 19
611 460
406 781
336 644
345 762
201 656
67 590
384 593
775 235
259 823
154 866
874 213
594 249
658 722
845 31
918 864
131 622
671 541
768 941
861 756
825 19
255 144
555 707
703 22
847 45
673 540
674 677
234 803
113 623
813 333
887 305
317 670
674 875
35 85
163 104
665 238
21 325
726 394
885 325
896 470
473 638
789 832
445 53
48 183
926 278
692 234
140 671
861 717
242 757
613 925
557 896
897 762
770 104
312 613
816 502
227 370
468 226
426 905
506 362
605 910
159 419
472 212
820 230
587 176
280 787
762 84
470 368
825 359
789 158
537 429
614 141
686 270
449 797
800 35
218 749
54 441
590 287
892 555
481 205
814 249
601 582
529 308
107 407
494 291
464 205
372 462
438 140
757 354
922 796
153 12
488 925
626 808
590 770
704 385
871 352
308 148
237 218
470 41
699 589
650 821
816 384
245 357
781 318
69 929
177 656
939 941
878 598
348 479
887 209
734 567
728 187
216 410
749 208
109 49
628 924
276 358
521 580
433 687
468 237
733 605
402 793
663 28
597 221
799 27
443 817
824 717
787 813
328 625
476 634
336 359
482 199
139 272
377 944
145 608
572 412
560 181
88 684
31 116
614 647
69 732
177 635
79 152
634 737
836 306
322 734
573 108
779 653
25 353
580 661
84 543
65 386
919 305
87 550
464 20
620 344
674 704
569 59
823 783
165 384
793 328
119 935
816 39
602 291
948 406
757 381
707 159
377 206
723 542
249 587
314 729
210 163
600 242
230 166
820 853
644 529
804 527
522 430
481 294
753 237
17 639
198 133
711 815
368 838
630 152
243 93
484 753
587 797
2 291
111 135
43 239
429 661
710 836
382 832
163 726
363 295
867 468
541 651
229 857
927 374
332 905
387 206
562 704
778 901
780 84
899 470
693 384
858 58
915 49
368 482
611 149
499 911
218 222
231 779
161 128
71 279
702 545
388 937
813 45
247 139
545 720
747 297
675 84
14 88
295 880
242 124
354 79
246 540
319 309
428 553
107 464
345 381
291 578
256 47
510 885
131 173
208 382
761 504
210 292
31 652
841 670
722 724
560 520
396 864
642 31
133 178
590 178
915 699
334 59
692 51
32 516
604 794
218 77
717 928
466 802
765 222
748 890
582 833
345 659
92 291
534 206
922 465
172 541
798 889
178 308
783 442
151 625
562 530
530 560
249 761
285 384
772 918
204 797
79 782
483 283
229 296
564 528
908 373
604 785
626 684
554 667
667 179
481 608
374 4
124 142
823 651
328 305
666 505
671 167
488 567
715 457
922 805
137 894
944 143
802 37
604 889
77 144
113 690
442 917
754 286
225 377
633 356
317 926
664 21
709 652
581 583
440 888
97 585
923 873
506 722
621 246
381 831
53 634
455 314
96 377
649 392
910 110
493 16
341 585
12 932
752 250
606 229
318 794
518 702
791 344
762 472
525 268
786 729
309 854
625 477
365 143
740 361
775 275
789 888
268 125
736 378
829 369
170 197
813 727
620 282
731 492
34 884
862 235
111 390
738 374
304 755
485 130
536 424
24 647
889 883
887 776
798 765
512 465
195 224
508 431
187 194
903 573
303 702
905 652
446 923
431 109
551 717
237 771
626 303
457 53
165 716
494 146
585 831
45 677
562 80
133 607
412 129
401 436
289 775
419 388
555 51
665 476
688 75
873 65
822 876
296 951
541 237
55 523
391 28
29 313
681 512
24 840
353 695
500 341
209 669
836 751
525 858
57 656
161 47
397 390
67 771
848 431
3 701
944 77
321 800
621 662
452 316
550 744
934 317
402 624
225 187
890 924
599 884
410 712
582 153
933 67
267 116
369 347
556 662
151 89
597 334
322 316
379 270
419 747
905 82
263 554
412 318
310 579
116 605
98 892
601 37
70 864
899 850
153 596
66 110
747 211
765 656
108 757
749 897
665 228
4 261
175 812
323 766
724 766
85 163
268 402
15 934
516 376
459 431
646 81
578 699
282 18
673 674
922 639
304 11
621 759
322 787
788 792
454 171
168 149
722 49
546 259
892 928
346 301
572 38
916 859
385 383
176 420
831 486
651 297
620 858
90 822
453 333
327 402
573 887
100 451
286 4
196 481
452 702
861 497
539 14
478 803
528 840
229 818
897 584
555 142
556 861
575 670
761 3
562 116
603 864
602 853
580 116
198 902
311 913
537 197
815 92
871 542
452 534
773 289
571 383
495 656
494 829
137 909
817 19
800 949
748 96
70 124
696 443
37 333
385 175
242 496
436 638
501 293
508 313
734 166
494 746
758 824
487 516
14 397
151 855
132 227
683 612
391 232
380 549
452 243
132 114
282 252
526 806
321 658
893 172
435 406
448 179
924 101
543 139
945 936
104 472
949 928
514 338
788 821
520 426
166 693
336 353
246 18
489 389
56 544
718 22
852 886
306 258
123 483
183 660
96 107
849 611
222 767
791 210
561 890
543 227
946 533
659 789
285 90
311 645
826 667
332 219
321 947
451 100
446 87
709 333
507 71
364 17
92 142
917 75
483 539
321 287
145 615
24 592
80 162
321 136
820 553
215 506
697 904
663 167
150 259
560 38
236 428
411 494
838 518
251 741
751 64
110 184
741 687
928 457
503 781
108 553
808 25
475 55
556 833
388 646
8 140
561 605
586 559
167 810
544 189
14 274
880 522
310 429
97 272
238 206
227 43
311 578
339 920
340 455
507 484
589 94
562 631
764 543
67 140
527 578
12 280
588 584
221 117
721 255
371 514
942 666
949 812
624 344
292 331
353 649
611 111
153 523
62 597
28 349
639 325
719 8
262 315
300 138
690 318
30 752
533 852
572 830
647 379
903 198
355 801
142 712
328 285
498 833
611 7
902 656
210 298
375 83
784 587
15 98
678 742
220 828
26 841
190 529
260 443
380 576
732 237
415 195
715 434
156 117
432 778
59 544
561 467
484 51
741 683
310 317
145 289
846 396
905 767
603 802
674 206
52 206
221 668
520 898
944 3
394 44
512 140
38 759
58 145
30 155
441 706
79 659
332 762
104 258
639 331
825 292
438 566
333 442
427 758
429 646
376 675
180 934
54 582
55 486
360 228
530 55
526 586
322 60
858 545
588 263
109 815
845 730
571 506
576 908
774 291
461 721
595 465
300 849
637 600
770 81
165 521
828 900
191 466
505 51
621 474
38 2
333 435
48 152
783 603
932 167
854 836
119 680
135 599
89 411
59 223
312 1
829 548
919 365
154 146
841 949
65 250
211 530
450 915
776 343
834 516
557 646
618 679
796 756
30 69
145 154
821 748
281 303
771 475
900 160
918 756
868 807
49 170
654 260
657 480
287 880
453 77
73 316
326 670
868 633
778 410
227 912
103 615
841 807
739 931
667 501
559 382
265 585
379 838
556 682
851 619
357 478
875 60
938 429
813 581
926 892
103 368
234 225
823 492
660 50
397 354
94 231
189 614
887 446
690 684
601 350
346 342
335 360
597 65
529 816
767 341
624 370
368 913
459 644
351 39
550 36
447 654
804 920
123 460
693 285
162 298
519 702
449 212
711 649
126 844
309 149
918 411
921 287
79 448
100 14
814 653
547 50
931 796
605 457
57 648
79 58
463 411
430 848
572 348
46 288
619 430
530 383
767 693
66 348
829 870
866 541
740 348
338 780
835 45
284 317
371 34
733 811
366 683
920 813
326 281
133 411
93 17
279 795
319 350
781 287
488 858
364 642
237 140
202 190
20 921
437 821
4 136
687 917
251 584
859 337
436 841
623 743
827 197
860 496
112 286
537 472
22 698
342 939
294 782
478 396
135 416
48 607
750 537
129 260
627 888
438 523
371 908
707 723
378 301
272 268
221 380
938 644
285 829
779 904
506 540
752 796
659 111
436 316
238 896
22 299
260 226
304 12
141 236
329 449
309 224
111 889
95 723
114 517
334 295
395 449
763 144
257 585
884 889
815 86
543 445
230 423
472 817
315 757
611 616
830 124
139 245
565 241
289 704
803 657
549 418
880 583
186 184
459 561
425 737
946 943
303 684
569 428
310 594
665 577
777 708
153 239
8 145
48 56
68 510
508 741
181 815
517 837
40 343
242 271
443 719
598 782
531 546
405 50
869 707
908 725
252 715
571 568
364 346
422 245
264 862
356 633
468 915
69 187
677 353
401 912
494 485
464 526
377 452
835 749
395 290
185 711
385 328
22 466
723 524
101 635
949 653
65 589
210 37
397 337
883 707
45 810
728 521
297 435
380 177
744 727
728 929
133 594
860 134
286 447
462 573
881 623
110 340
554 707
336 497
154 213
671 359
655 610
146 178
848 348
124 36
101 826
10 436
108 924
71 450
481 697
777 500
887 572
853 65
139 418
267 579
931 862
470 78
290 672
275 665
370 297
351 345
228 404
598 255
602 185
107 391
380 319
418 742
559 446
459 767
777 584
498 910
274 749
412 164
651 591
59 105
482 807
132 600
104 440
145 317
533 508
546 771
526 277
506 811
896 291
570 883
418 484
503 399
186 463
494 764
83 6
543 580
876 774
510 540
937 112
686 78
814 564
287 369
629 227
697 912
662 642
205 877
646 486
150 283
923 458
432 28
819 600
435 57
770 803
4 34
890 345
800 65
712 48
897 23
241 637
575 239
212 766
96 937
947 502
916 782
817 297
247 31
340 88
860 886
165 280
537 487
920 515
709 163
814 544
102 141
631 42
541 350
265 707
359 792
638 40
947 334
602 147
496 596
544 680
709 637
446 621
488 708
711 35
490 126
697 126
27 558
807 442
94 494
240 585
169 392
137 841
64 679
547 841
334 880
933 502
834 684
47 344
769 141
221 469
576 519
497 191
316 335
304 399
353 182
609 319
46 652
423 469
376 266
280 466
483 566
681 573
838 266
305 510
950 494
184 46
662 105
296 125
298 641
775 145
64 66
652 23
283 361
319 672
530 852
161 706
716 623
18 662
705 368
899 2
410 457
891 621
503 867
107 58
441 491
435 12
885 552
382 261
517 641
718 163
849 464
480 232
355 814
689 111
466 800
158 545
224 854
536 155
741 43
42 428
703 666
903 505
209 202
428 356
673 6
287 897
590 509
24 354
778 715
707 536
799 48
87 22
146 580
181 648
510 651
537 446
241 294
874 29
380 744
201 615
697 362
364 418
19 338
721 73
443 558
628 273
562 421
300 255
548 301
53 639
207 430
779 793
391 873
855 452
469 495
755 391
920 812
48 342
464 865
252 238
714 129
571 84
837 307
115 350
650 546
574 299
840 759
582 806
362 359
416 782
626 878
792 657
155 107
649 321
936 356
316 593
26 500
762 513
854 556
250 579
785 799
202 21
536 792
536 717
168 466
903 689
851 55
7 733
211 907
915 243
608 373
555 926
809 148
187 280
226 821
190 311
764 136
12 895
571 214
368 633
130 120
612 927
114 542
479 640
724 486
209 818
922 662
41 9
152 4
226 23
390 2
618 411
382 71
717 469
168 473
11 800
121 786
325 647
252 681
19 687
187 874
4 441
778 58
525 863
657 849
877 235
56 649
515 386
810 753
937 749
232 885
638 445
657 799
878 122
561 270
339 885
891 800
412 767
277 903
531 371
5 632
526 833
804 312
417 42
733 185
862 498
754 683
205 139
17 659
561 947
633 532
450 210
585 482
380 151
473 665
827 429
425 75
818 658
582 12
388 944
640 445
469 702
865 24
710 132
243 518
240 256
295 177
280 246
356 510
910 630
830 59
656 139
368 543
188 594
594 293
724 939
263 548
722 596
547 82
639 237
892 99
146 255
844 490
592 339
556 284
204 905
762 280
799 806
789 544
894 462
38 682
276 11
243 216
885 521
270 840
447 482
358 118
716 502
207 312
172 827
219 641
895 239
15 202
629 287
685 755
427 804
818 565
84 640
855 626
414 454
271 635
861 188
756 568
98 712
206 537
615 312
864 948
20 485
61 386
84 240
498 875
427 531
765 124
343 848
459 169
937 789
294 95
606 600
174 367
659 781
37 669
61 913
813 108
706 422
265 225
653 451
894 105
695 72
552 746
201 412
166 244
597 176
635 485
226 547
291 88
601 682
294 199
24 50
834 103
498 866
193 315
212 1
431 298
457 510
536 834
791 396
265 153
268 284
456 119
437 443
898 703
619 215
526 257
361 62
215 207
572 71
862 946
27 553
119 659
45 268
619 529
279 53
652 126
780 11
893 57
876 476
311 793
226 883
43 843
335 450
581 486
194 469
250 739
824 399
915 824
679 382
202 590
294 279
51 510
828 827
686 713
504 512
393 505
820 432
328 589
936 567
166 230
115 80
155 748
9 160
466 612
503 611
345 142
532 723
607 564
457 741
574 214
532 47
156 892
89 669
169 873
150 270
245 644
603 542
393 5
806 913
348 179
29 685
353 739
615 768
880 354
309 195
280 92
19 847
773 180
224 880
5 218
758 765
407 1
585 198
589 822
862 762
901 581
520 631
875 823
544 755
653 131
841 336
363 90
511 663
119 391
173 541
