889 1032
671 733
747 107
378 762
888 524
737 526
867 427
847 577
373 166
98 653
129 723
860 327
453 789
57 20
90 656
553 261
230 276
800 588
682 419
889 73
650 136
860 511
444 772
205 323
719 277
245 578
2 436
578 289
374 562
628 584
752 185
747 175
200 667
274 331
282 661
463 781
73 846
217 881
865 53
652 665
114 292
550 827
314 453
531 525
161 266
709 1
843 882
82 542
507 771
58 185
308 108
396 379
524 193
29 532
34 466
703 496
284 774
409 86
627 364
233 260
507 655
107 818
474 742
526 125
350 332
425 643
861 626
381 733
611 119
93 810
27 467
879 746
879 161
443 848
133 632
38 269
386 88
594 511
822 887
295 520
570 148
762 687
253 732
821 239
506 481
802 648
486 298
789 861
852 192
6 409
659 771
299 31
602 146
821 128
854 670
438 642
426 491
792 423
226 703
338 621
23 881
261 436
387 777
608 362
672 95
76 272
350 527
616 591
374 158
534 119
545 825
808 556
68 549
792 21
798 841
802 574
101 498
827 659
257 868
882 116
105 330
824 408
850 210
213 780
226 590
538 185
648 4
510 556
582 402
515 364
183 831
288 719
115 669
7 731
212 84
103 280
408 467
489 810
783 573
14 173
491 878
596 178
136 59
830 856
8 239
119 127
855 261
869 386
613 562
750 136
69 532
653 850
477 592
642 473
439 833
46 163
252 193
573 577
11 691
889 343
364 322
427 107
125 547
155 591
631 540
594 429
433 564
259 523
70 244
308 732
870 311
597 749
490 797
425 453
762 310
705 660
404 694
518 740
754 406
401 12
726 470
241 458
755 423
463 313
448 70
803 294
422 635
823 699
88 597
765 293
578 634
703 284
748 629
592 490
442 641
687 185
746 80
532 404
427 444
368 546
849 130
881 630
51 60
269 842
515 699
439 729
180 717
557 865
859 496
632 125
627 15
749 764
822 620
741 428
675 372
862 381
485 614
240 507
460 516
751 7
757 234
308 59
204 116
724 312
819 336
675 247
192 82
863 794
580 762
827 65
355 702
585 772
167 203
799 692
147 887
750 319
410 857
173 651
691 824
387 738
514 65
580 198
250 151
458 550
36 782
391 809
644 368
762 343
256 316
513 873
146 223
550 410
679 578
125 667
257 600
131 492
36 724
538 609
850 130
419 864
300 538
251 210
15 885
590 39
84 574
314 354
514 823
391 819
612 791
550 823
614 736
691 54
51 215
370 287
199 160
145 729
473 615
456 26
478 205
153 151
313 477
487 608
398 421
801 209
769 507
119 537
774 266
141 581
30 374
815 188
25 77
726 873
616 168
196 377
438 861
484 696
3 743
307 225
852 287
421 831
863 680
883 179
577 154
238 868
190 66
112 512
195 149
65 293
829 466
217 47
737 458
430 294
304 333
293 151
95 385
197 617
724 471
730 238
93 8
592 479
327 845
459 579
57 76
772 112
730 804
299 590
839 465
673 170
810 96
726 798
846 445
247 783
600 105
824 161
149 218
74 769
618 753
302 126
39 364
655 451
557 751
785 802
116 677
556 148
460 561
719 114
286 254
689 187
776 474
316 499
6 731
494 747
853 724
181 661
498 505
443 615
884 34
875 453
784 183
376 324
224 720
549 666
176 218
68 530
819 768
711 83
310 609
629 423
121 105
734 851
629 46
651 649
594 739
131 99
365 654
819 7
824 815
884 94
79 764
627 687
54 617
803 505
484 507
570 775
6 849
242 779
466 693
800 631
672 700
183 481
199 612
370 205
290 252
123 789
827 444
561 744
542 448
685 624
379 589
547 744
672 102
394 14
248 397
844 491
617 229
179 362
217 35
189 58
158 856
705 226
866 574
148 214
765 8
639 107
706 510
386 363
704 583
556 472
231 68
705 810
566 658
603 193
590 212
484 597
431 627
544 483
825 199
36 92
195 493
471 540
638 391
518 262
15 198
55 418
674 375
146 572
306 50
223 574
779 89
405 498
291 197
102 164
113 360
33 470
16 362
460 539
684 525
360 534
413 545
622 850
603 876
773 77
521 60
298 367
149 38
16 304
150 423
341 808
626 558
666 667
1 503
602 883
380 243
462 22
486 51
292 266
752 16
103 288
123 571
816 30
12 198
839 547
747 19
511 418
322 386
96 809
413 706
165 796
53 530
233 537
326 51
704 129
455 317
838 544
767 268
57 781
586 510
375 527
122 17
42 192
604 152
113 498
67 268
208 814
487 331
877 814
626 843
135 518
339 462
423 727
494 399
224 586
694 716
105 549
397 735
852 557
440 605
842 145
69 306
589 582
428 436
404 126
629 837
724 723
755 427
370 170
663 811
280 850
514 201
762 712
760 454
839 434
537 487
156 244
524 643
166 28
111 465
865 830
414 534
456 708
455 451
727 318
149 687
246 568
170 228
5 368
664 571
62 87
313 441
141 842
845 6
201 427
834 825
65 39
516 300
129 797
718 680
495 753
884 13
275 174
159 617
734 756
888 636
598 316
83 795
523 534
660 512
527 454
386 246
871 336
348 110
590 405
131 221
784 281
765 6
762 111
722 77
801 636
135 442
780 480
17 266
418 414
662 783
697 44
635 371
112 1
299 596
645 59
858 138
598 746
124 266
648 154
109 640
122 818
425 315
2 864
449 634
112 734
132 452
425 41
90 425
251 99
23 355
287 187
336 160
745 177
224 826
539 559
453 116
46 278
720 205
79 393
3 686
544 618
374 788
372 343
401 211
577 633
523 485
97 314
15 62
227 65
179 645
594 496
402 70
95 536
290 364
356 280
519 288
152 128
499 650
790 867
324 307
709 400
296 364
835 458
682 633
633 7
833 18
853 479
416 837
511 566
291 317
618 279
92 233
262 691
868 682
582 551
124 222
353 12
192 142
260 303
333 719
689 436
744 510
88 99
255 237
192 164
624 211
354 669
56 851
145 649
702 660
479 517
749 666
664 163
158 472
339 175
355 341
416 767
594 722
397 340
544 776
10 611
833 756
136 392
747 240
359 291
520 675
516 476
99 76
735 354
741 411
747 22
194 244
221 227
448 857
657 294
170 598
236 233
791 434
319 225
732 676
226 301
660 511
870 383
191 162
292 888
444 109
743 587
543 512
101 676
707 25
178 859
386 766
672 475
262 820
156 303
523 443
463 51
425 882
887 155
63 373
384 125
686 694
610 679
486 515
140 737
402 153
588 623
291 781
611 500
194 737
483 767
847 201
502 316
549 172
254 539
575 742
639 869
242 396
475 853
88 721
485 626
79 638
25 179
470 271
500 158
364 211
537 314
124 770
461 439
532 356
727 794
569 528
121 786
721 353
576 335
263 876
308 607
681 195
770 865
42 50
660 423
454 162
165 85
58 690
815 239
434 842
810 392
401 301
428 64
202 816
588 652
886 623
763 563
282 319
26 744
598 777
436 684
497 182
493 627
354 435
266 339
180 260
550 143
231 87
494 829
479 701
105 340
335 683
829 698
34 833
214 435
64 421
59 150
67 774
414 798
540 705
633 551
563 161
5 514
398 473
247 228
27 282
474 462
132 290
346 154
806 171
524 486
172 861
251 656
124 386
393 592
619 340
652 83
802 467
60 551
119 77
865 129
533 568
340 406
411 576
232 622
577 11
723 489
345 34
510 358
322 511
456 538
167 7
641 804
818 686
405 287
409 481
565 331
522 27
606 377
544 540
296 825
292 764
719 120
273 297
26 673
297 442
413 670
322 299
415 48
201 640
544 423
244 704
162 279
56 72
845 562
633 360
358 58
721 293
636 204
290 72
855 822
705 497
196 635
337 408
747 417
464 885
511 138
358 699
329 430
5 40
207 717
706 638
81 574
440 175
477 374
17 564
541 857
566 375
266 246
644 115
546 188
847 79
242 587
369 43
218 532
14 621
515 629
320 6
481 616
685 512
513 505
753 125
286 185
411 797
423 325
822 547
556 335
97 227
150 87
809 661
220 695
252 616
520 798
865 563
849 665
707 743
718 84
725 748
601 320
822 639
496 231
838 270
479 211
650 5
511 508
141 568
130 178
881 29
413 650
418 20
512 167
688 506
730 648
251 234
396 132
155 542
529 304
32 860
202 508
158 742
683 100
235 344
293 299
849 30
657 352
109 453
402 538
316 322
408 648
600 514
450 441
665 866
671 835
208 652
588 834
802 382
30 612
47 415
781 492
453 691
836 717
741 313
781 124
422 87
540 814
326 604
675 368
728 610
738 560
853 152
656 454
566 130
170 619
313 60
422 166
252 509
19 807
297 457
47 362
438 548
878 276
392 785
730 16
297 24
700 217
69 414
716 257
855 9
370 450
874 323
552 287
657 767
703 205
858 17
52 418
785 863
799 885
595 683
36 502
154 763
656 68
180 513
661 868
540 707
11 189
727 755
577 403
384 709
362 506
71 278
325 115
136 239
134 552
763 279
131 337
60 772
521 494
874 42
560 168
612 219
414 118
845 38
247 153
64 715
307 697
824 525
405 645
804 574
207 314
496 12
264 369
495 44
30 34
869 394
523 715
859 686
69 651
308 322
510 258
480 337
470 452
385 296
863 856
836 355
855 647
859 854
96 161
815 347
690 141
640 831
344 444
641 590
321 360
697 76
179 280
306 432
644 599
843 97
677 789
509 483
546 709
93 687
612 318
13 829
